-19.44, 10.59
14.85, 27.29
-18.85, 38.31
18.6, -24.08
-35.4, -24.02
-17.75, 37.98
-44.68, -15.14
-20.28, -13.92
5.19, -15.03
-12.95, 11.89
26.77, -28.82
6.63, -47.66
-35.21, -0.51
24.83, -22.78
-7.1, 50.84
28.16, -10.82
-28.13, -19.15
-19.36, 8.85
28.6, -6.47
-40.47, -17.32
-40.2, 8.1
-0.75, -37.58
7.23, -50.43
2.98, -10.64
-25.36, -16.6
23.07, -35.64
-20.85, -1.09
-38.67, -23.67
21.84, -22.72
0.36, 49.41
31.31, 6.05
-0.17, 56.01
28.9, 0.21
20.38, -39.53
-17.33, 17.8
33.48, 28.75
-22.78, 7.54
-1.0, 48.99
15.65, 28.81
-9.36, 45.32
-4.05, 43.28
-25.16, 12.1
-41.44, -15.84
21.7, 29.51
34.19, 6.46
7.92, -4.67
3.15, 55.0
24.71, 34.09
-36.52, -26.31
-32.84, -28.29
0.6, -27.89
27.7, -6.3
3.27, -9.59
27.38, -11.87
11.69, -48.94
18.8, -20.92
-35.13, -28.3
-17.85, 40.8
-27.41, -5.21
-7.83, -6.92
-17.94, -1.34
-2.58, 12.52
-33.71, -7.73
28.41, 33.79
-16.87, 17.52
-35.3, -11.0
8.16, -50.08
-34.07, -24.95
26.16, 6.42
27.94, -37.53
-19.06, 8.86
27.51, -29.95
36.54, 26.91
-16.03, 20.04
-4.77, 46.01
-30.88, 9.06
36.11, 3.65
11.41, 37.51
-39.65, 7.11
-17.08, 15.67
-27.14, -10.72
2.45, -35.98
27.48, 30.25
-23.35, -0.94
6.07, 6.23
-35.92, -26.95
-22.66, 15.92
30.84, 0.93
4.33, -44.24
-14.14, 34.94
28.66, 4.41
0.03, -35.82
-18.17, 21.38
30.99, 6.84
3.08, 52.66
-28.25, -2.37
2.98, 55.69
-26.72, 22.16
3.35, -34.36
-24.56, -18.49
6.52, -46.48
28.05, -29.02
6.9, -9.39
-32.82, -27.85
-26.65, -28.48
-26.76, -19.11
35.89, 26.88
-16.56, 31.98
-26.33, -9.28
-47.51, -8.55
3.03, 16.44
-25.44, 19.79
24.53, 9.81
-30.68, -11.84
-31.28, 15.22
-38.83, 0.58
-43.65, -10.15
-31.04, -31.52
-36.96, -0.22
23.9, 24.56
10.38, -10.71
-10.02, 9.9
-20.3, 2.76
2.91, -37.87
-45.29, -14.78
-30.24, -13.71
34.74, -30.89
1.28, -10.89
6.88, 7.85
2.76, -9.59
1.57, -34.66
2.78, -30.3
13.43, -8.15
-31.33, 16.71
4.49, 12.64
-9.83, 46.12
20.38, -21.88
-13.68, 33.97
5.32, -43.94
-10.51, 8.93
0.28, -31.9
-19.23, -0.91
22.97, 1.47
-9.82, 41.08
-19.85, 18.02
0.48, 50.14
2.02, 8.47
31.1, 33.98
20.88, -24.56
-9.38, 1.52
-27.4, -17.58
-17.83, -23.23
-4.42, -8.9
12.2, -7.25
-9.26, 56.33
1.21, -7.71
3.94, -44.63
20.25, -21.18
34.47, -5.84
-40.89, -5.21
-41.63, -9.8
3.47, -31.6
5.65, -9.09
-34.1, -27.27
2.37, -45.14
26.04, -11.67
-47.21, -10.74
-8.55, -3.37
-3.56, 50.59
-40.19, -13.15
-37.55, -14.43
-15.85, 18.36
16.41, 24.83
31.89, -7.83
24.11, 31.97
-28.0, 18.38
-4.57, 43.42
6.78, 2.1
-12.5, 48.96
12.41, 12.87
-12.02, 54.55
13.31, 6.6
2.29, -13.97
30.48, -35.96
12.14, 16.17
-33.1, -1.14
14.77, 28.65
20.92, -7.45
22.81, -33.21
1.15, 55.99
-14.24, 33.29
3.17, 55.39
20.86, -33.76
-24.17, -12.08
23.77, -23.85
21.25, 2.35
-7.39, 45.43
-0.03, -26.91
-44.56, -9.98
23.15, 27.46
35.76, 11.38
9.35, -47.33
-17.97, 30.8
-8.01, 54.28
-18.8, 38.68
30.39, 2.6
-34.63, -5.49
23.35, -7.52
25.85, 31.14
-21.08, -13.26
-35.76, -27.92
-4.02, -12.31
-21.01, -13.87
28.87, 13.89
-32.73, -7.76
17.38, -25.36
30.87, 9.15
0.7, -22.26
-5.26, -9.77
10.0, -16.65
-23.63, -1.03
30.64, 25.93
27.7, 23.87
-19.35, 15.11
-19.06, 33.03
13.32, 22.02
10.26, 7.97
-46.34, -11.25
-16.41, 35.1
-26.22, 11.48
35.14, 9.27
30.99, 11.84
12.96, 6.79
-0.65, 5.52
-28.69, 13.35
-25.44, -19.53
19.25, 36.5
24.27, 33.32
-40.84, -16.64
-8.0, 54.92
13.24, -7.7
10.65, 0.32
-4.49, 11.46
-32.44, 10.93
15.51, 36.62
22.5, -15.07
32.86, -30.31
-8.02, -25.89
-34.44, -24.81
14.9, 30.02
-35.71, -13.16
-2.21, 50.02
-30.09, -10.7
7.71, -5.33
-23.7, 7.03
-29.97, 12.78
15.57, 29.98
15.48, 12.09
28.44, 29.13
15.98, -39.46
-1.82, 11.28
-3.95, -5.33
-21.35, 0.15
-26.7, 10.97
-24.15, -8.82
-6.74, 51.12
17.38, -16.57
-9.07, 49.52
18.64, -4.23
28.4, -38.69
26.74, -1.59
19.4, -23.69
-8.02, 54.99
-31.57, -1.66
-23.61, -19.08
-37.35, -23.5
-9.48, 42.32
8.86, 9.4
26.98, 28.41
-9.15, 55.55
15.28, 25.98
-35.31, 0.55
-28.69, 12.26
-3.75, -11.37
-24.68, -24.23
20.63, 36.15
-3.4, -29.55
-29.64, -32.44
-13.48, 37.54
15.09, -3.38
-17.24, -12.42
16.59, 25.19
-28.83, -16.31
19.63, 35.07
24.2, -22.66
-29.36, -26.74
26.93, -34.01
28.6, -37.38
17.53, 24.07
6.29, 14.44
-14.65, 38.94
-31.37, 15.11
-4.23, 52.35
26.97, 24.68
-38.13, -4.35
32.84, -33.03
13.9, 30.8
-30.21, 15.55
-45.9, -4.08
34.49, 3.5
34.95, -0.27
24.53, -36.03
20.35, -25.94
30.85, -4.46
-6.29, 52.19
-30.78, -1.17
-0.1, -23.51
-8.1, -4.03
34.13, 20.69
27.42, -10.95
-36.85, 11.74
-20.39, 23.46
-27.17, -11.81
30.45, 11.83
24.54, -19.67
-9.96, 10.22
20.07, 29.88
21.87, -29.42
-30.45, 9.28
-10.82, 48.82
-10.7, 53.7
11.9, 27.99
-12.46, 48.31
4.42, -12.03
28.2, 4.55
28.18, 10.0
-24.54, -16.26
-20.68, 8.28
23.76, -10.45
2.72, -34.28
35.28, 9.32
-34.94, -30.7
-11.14, 50.44
39.17, -2.21
14.34, 8.22
-9.35, 49.16
14.56, -22.43
1.8, -11.0
-13.06, 39.36
-31.66, -6.72
1.99, 54.9
10.69, -10.38
30.71, -14.52
3.82, -40.17
-15.87, 27.59
0.04, 15.67
6.52, -6.91
-13.54, 54.65
-22.11, -6.06
-32.96, -5.77
-29.21, -32.34
3.26, -43.72
24.78, 25.49
13.91, 32.89
7.63, -11.8
15.23, -26.43
1.73, -43.06
26.18, -2.26
-0.71, -33.86
28.89, 4.47
-19.71, 2.22
18.09, 32.51
34.12, -29.26
6.34, 6.93
8.07, 7.98
1.94, -10.76
-35.03, -11.01
-10.81, 42.8
-12.77, 50.52
-38.89, -23.38
32.98, -33.29
-15.25, 1.21
28.49, 1.46
-24.54, 8.27
7.7, -39.07
-15.36, 48.11
6.0, -30.93
16.41, 35.26
-15.99, 29.23
-36.1, -4.82
27.76, 23.95
-0.34, 10.07
0.13, -36.28
-10.86, 42.91
-32.06, -0.2
12.54, -6.72
26.01, 32.97
13.67, -7.88
-34.1, -29.43
-33.7, -25.01
32.9, 30.0
12.78, 13.06
30.47, -6.26
1.55, 6.72
20.9, 24.72
-28.96, -28.87
25.98, -13.14
27.69, -22.22
37.25, -3.46
-3.19, 52.56
-21.37, -0.4
-26.08, 18.28
21.1, -5.8
-19.45, 6.14
-29.86, -12.56
-24.76, 1.47
-13.22, 47.48
-37.26, -5.59
29.47, 30.5
-8.99, 54.88
-9.74, 8.87
33.78, 28.52
-30.96, -7.07
20.24, 36.15
27.51, -28.34
-38.17, -18.02
-37.84, 5.04
-6.78, 54.31
-44.01, 2.53
11.43, 3.96
-13.31, 40.71
10.58, 5.01
-42.29, -11.33
-7.48, -8.96
-34.76, -8.37
9.06, 15.18
0.23, 10.5
25.41, -0.1
-23.47, 9.06
1.0, -28.63
25.38, -35.77
20.7, -25.29
29.57, 1.57
14.98, -20.01
-2.26, 14.78
21.36, -37.37
5.18, -34.19
-35.68, 8.8
1.83, 13.7
25.98, -5.33
31.06, 6.37
26.84, 6.36
13.45, 31.48
37.99, -0.31
-25.81, -19.84
-16.98, 38.37
9.24, 26.84
2.84, -26.65
3.12, 8.96
27.34, -24.99
-6.53, -11.55
5.91, -45.61
6.42, -42.62
6.59, -41.52
-7.93, 16.24
6.65, 5.47
-0.2, 15.07
11.0, 34.67
-15.85, 21.22
9.45, -11.17
6.7, 11.83
-34.7, -1.58
7.64, -48.76
-2.45, 47.14
6.11, 3.34
-29.31, -31.59
-6.46, 44.86
18.95, 24.31
-4.56, -33.2
10.71, 0.29
-18.73, 34.66
-26.79, -14.26
-18.01, -0.51
-9.3, -6.57
-39.83, -15.4
19.18, -26.78
-0.05, 5.3
-26.88, -4.93
-36.37, 2.33
-17.35, 40.79
22.05, -38.21
5.72, -6.39
17.41, 22.21
38.1, -0.54
-19.56, 10.67
9.44, -21.3
-26.37, -16.01
-41.1, -0.08
14.48, -24.01
-2.36, -26.85
26.95, 1.68
-22.59, -22.02
36.8, 12.84
28.89, 27.65
-13.1, 54.39
22.91, 12.51
-17.61, 33.11
24.63, 11.16
1.82, -25.59
7.75, -6.48
-17.02, 17.63
-21.27, 19.93
13.16, 30.96
20.03, 35.05
9.32, -49.52
18.55, 11.27
30.33, 35.44
1.56, -40.63
4.87, -10.07
-38.17, -7.72
0.67, 18.64
-34.0, -10.65
-19.25, -1.22
-14.06, 26.33
30.98, -5.06
26.62, -28.7
28.48, -1.82
19.36, -9.15
23.65, -1.79
-7.42, 50.96
-33.78, -13.77
34.44, 5.33
-47.22, -10.78
-31.75, -24.25
-0.77, -34.44
-27.44, -33.87
13.04, 34.44
-11.98, 39.66
1.33, 16.54
29.7, 33.66
7.75, -7.98
-33.94, -25.36
13.17, 10.09
13.77, 4.66
-34.66, -28.74
19.31, -29.86
29.0, -28.82
17.09, 22.45
33.59, 7.14
36.09, 27.46
-28.35, 15.98
-7.37, 48.0
16.72, -20.45
12.33, 5.88
-21.02, 12.67
-44.99, -0.79
-30.76, -31.56
-30.33, 11.84
-35.89, -5.43
10.35, -47.06
-37.05, 2.42
29.28, -37.96
-28.11, -20.53
4.38, 11.31
22.97, -20.73
-37.68, -4.29
-2.94, -25.56
23.55, -20.79
-2.23, -36.82
25.51, -1.92
5.87, -9.38
-40.91, -6.42
2.58, 5.83
34.77, -4.16
38.89, 6.21
-34.49, -6.08
29.7, 8.24
19.03, 10.08
-0.45, 12.42
-21.05, 14.51
1.23, 12.7
26.38, -36.38
16.62, 26.21
-29.53, 20.9
-1.12, 54.97
-19.8, 1.79
26.11, -29.18
2.89, -42.95
25.28, -9.24
-38.6, -19.05
38.06, -0.78
35.78, 0.18
24.41, -27.29
-36.59, 6.41
-0.71, -33.84
33.13, -2.0
4.52, 4.65
22.29, -38.56
-35.57, -5.25
-24.43, -16.06
0.91, -37.75
-1.89, 18.08
10.73, -48.12
3.49, 4.63
1.3, -12.33
-18.72, 22.19
28.18, 10.92
1.23, -43.35
31.75, -34.79
8.88, 29.16
-8.31, -25.64
31.01, -27.11
19.76, 35.15
7.1, 16.88
28.97, 13.67
-15.0, 28.0
-27.63, -8.95
-26.8, 20.73
9.92, -7.6
4.3, 53.61
24.72, -27.87
9.24, 11.21
-48.24, -9.72
-1.2, -30.54
12.6, 26.1
8.25, -37.62
-19.78, 15.52
-31.5, -3.15
-22.93, -13.04
32.52, 34.69
-25.19, -15.62
8.29, 5.71
28.89, 28.6
26.66, 35.59
-22.56, -18.8
19.58, 27.42
-18.24, 6.06
28.55, -6.15
-8.4, -6.94
-38.26, 0.73
0.68, 53.94
7.05, 13.0
21.8, -37.62
12.37, 31.7
22.4, -25.93
11.68, -4.75
-5.67, -31.17
-3.6, 54.92
25.89, -0.16
-19.64, 2.47
-0.67, -26.96
-22.92, 1.9
-9.19, 51.26
13.73, 34.61
30.56, -12.91
5.98, 4.83
30.48, -31.96
28.4, -3.19
-15.51, 10.62
-32.11, 7.63
-47.15, -9.26
14.64, -20.61
-27.5, -12.94
-10.17, 50.95
-2.85, 13.78
11.21, -48.58
-25.56, 12.92
-28.04, 18.46
-35.41, -17.89
23.13, 8.39
-18.63, 20.56
-23.68, -27.75
-15.6, 42.84
-12.56, 12.08
12.62, -3.82
-10.77, 51.42
-17.52, 15.15
29.01, -6.44
-25.56, -18.02
-29.4, 13.28
4.69, -42.13
-23.08, -17.29
-9.49, 55.74
35.07, 5.02
13.68, 38.41
-3.15, 14.35
27.37, 7.59
23.4, 3.69
-0.39, -28.03
-28.97, 3.73
15.67, 22.05
12.59, -0.51
-4.15, -11.11
9.54, 12.96
-4.32, -6.46
-18.08, 40.73
-6.08, 54.67
-39.33, -22.85
-38.75, -28.42
23.46, 7.44
2.33, 53.7
23.5, -32.72
-26.17, 15.37
-21.1, 2.67
21.46, -32.89
-23.63, 5.33
-23.59, -10.84
-38.46, -4.31
-42.47, -17.64
4.33, 13.26
-1.54, -8.14
10.05, -16.51
-32.52, -15.76
30.61, -33.08
23.5, -11.09
22.29, 26.06
-13.1, 41.7
21.63, -39.72
8.57, 9.56
-29.16, -31.66
27.71, -10.57
31.98, -34.2
-33.1, -27.26
18.19, -24.91
-0.05, -39.73
-16.08, 42.95
9.24, -2.32
21.21, 9.81
7.68, 28.12
3.27, -27.59
-21.82, -3.68
29.78, 27.46
9.43, -46.13
-24.61, -13.99
34.55, 6.11
-4.13, 51.81
-32.28, -28.84
11.44, -45.8
9.76, 24.16
13.45, -15.72
-26.19, -10.21
7.36, 29.72
25.76, -33.28
-2.32, -29.59
36.87, 27.36
-14.87, 32.92
-28.43, 8.22
24.86, 2.33
-32.11, -16.24
-10.14, 39.97
27.33, -27.9
22.35, -9.55
-46.71, -10.28
28.39, 8.37
-16.42, 42.84
-0.62, 49.98
-27.3, 14.56
-44.35, -9.91
-32.46, -1.59
-36.54, 5.99
-40.27, 3.72
1.88, 9.7
-27.44, -31.21
29.05, -38.44
28.61, 25.27
-46.17, -8.21
10.91, -10.78
-19.29, 32.66
-13.11, 48.0
1.08, -28.96
-47.28, -6.5
-23.7, -1.22
-9.06, 57.01
-29.57, -11.38
-35.56, -11.43
16.94, 31.12
-33.15, -30.6
2.07, 52.29
13.62, -8.98
-3.4, -9.09
32.49, -7.29
16.25, -2.79
31.08, -5.12
-10.43, 52.26
-33.32, -30.26
23.05, -7.57
-2.3, -37.53
16.1, 1.65
-34.47, -8.17
-30.99, -22.26
-9.4, 44.65
-17.09, -19.63
24.87, 0.52
11.27, 4.9
21.31, -30.24
33.53, 4.82
29.18, 33.42
-2.47, -10.24
1.7, 52.77
20.68, 33.17
20.01, -7.69
31.91, -2.53
-37.09, -25.89
-24.91, -34.1
25.66, -39.54
3.7, 13.26
15.3, 2.75
36.85, 1.02
36.75, -3.51
-4.33, 43.9
-21.97, 7.98
30.46, 8.35
13.06, -7.31
-11.22, 9.36
-2.46, -32.13
37.95, 4.38
10.55, 29.03
12.05, -45.1
-5.58, 49.63
40.24, -0.28
3.37, -32.52
28.12, -28.3
-17.72, 6.95
33.33, 31.07
-11.51, 39.63
-22.6, 3.96
-13.28, 49.06
-11.99, 10.46
13.97, 22.9
-7.11, 9.92
29.81, 32.31
-12.22, 47.49
-31.83, 10.1
-36.08, -2.23
-3.7, -28.72
-18.23, 39.97
-16.18, 35.3
10.43, 26.55
-30.4, -26.12
8.87, -20.21
-14.06, 33.64
-17.44, 2.0
-26.96, 16.91
-33.03, -29.22
30.59, 0.62
25.22, -33.18
-12.0, 15.64
26.6, 7.41
-17.22, 32.04
37.85, -0.34
-9.24, 42.83
14.75, -27.15
-22.53, 5.59
-18.72, 19.73
27.76, -27.58
25.27, 4.95
-6.9, -7.87
1.98, -3.99
31.5, 30.33
-29.13, 8.34
6.51, -41.21
6.11, -39.29
-26.87, -14.82
31.07, 33.7
5.97, 4.01
34.84, 5.23
10.75, -9.61
10.52, 31.39
28.22, 30.91
5.19, -9.59
1.76, -25.7
23.48, -32.39
2.64, 5.92
26.11, 29.04
-39.57, 7.24
30.94, 30.41
18.65, -3.96
28.83, -9.31
15.22, 0.98
6.64, 12.43
-17.22, 16.85
-24.65, -12.86
-35.95, 3.72
33.1, 3.12
22.36, -20.78
-2.94, -34.09
7.82, -40.86
27.28, 10.61
29.9, 29.21
-11.92, 52.55
35.02, 3.41
14.6, 26.11
27.09, 26.93
-25.41, -19.52
27.78, -6.58
18.86, -21.51
20.17, -35.5
6.3, -13.03
-28.0, 21.03
17.34, 3.23
-8.13, 52.56
-30.01, -30.24
-40.8, -13.01
3.79, -41.96
31.35, -28.04
27.34, 26.54
-26.78, -5.15
-19.72, 32.68
-45.27, -4.98
-19.15, -4.93
-47.9, -6.63
-25.79, 15.92
28.83, 4.95
-24.44, -24.85
1.85, 15.92
15.49, 11.58
-29.79, -34.26
-23.53, 5.82
-8.36, 54.27
18.12, 32.42
-16.44, 44.79
26.88, 32.75
14.49, 21.79
25.27, 0.94
-12.74, 17.09
28.07, 2.65
20.48, -26.53
37.32, 3.37
-27.1, -18.22
-17.23, 44.35
-26.66, 21.55
-37.62, -15.19
34.05, -31.64
39.59, -0.87
10.59, -9.76
-7.31, -9.29
12.07, -2.29
10.1, -45.82
21.59, -6.44
30.67, -21.83
2.82, -32.63
-20.8, 8.14
0.13, -39.51
0.48, -22.75
19.3, 6.85
15.01, 27.21
-29.62, 11.61
-33.18, -7.03
-8.45, 55.19
-2.67, 52.3
-15.94, 21.66
-42.21, -13.33
8.47, -49.07
-44.08, -5.07
-27.97, -11.18
11.92, -4.94
7.16, 55.3
24.89, -6.21
38.88, 1.6
-24.05, -8.84
-26.05, 23.15
3.03, 13.86
-32.43, -4.76
-17.96, 42.76
-19.91, 33.06
9.35, -30.33
-36.76, 6.36
-9.29, 41.23
-42.94, -10.88
-39.01, -28.5
7.08, -12.96
-33.99, -28.6
26.45, -32.88
6.77, -46.86
10.73, 31.2
30.42, 25.16
20.79, 9.81
-13.37, 34.13
7.77, -8.47
0.31, 52.33
21.43, 35.73
24.05, -29.51
8.1, 20.4
1.36, 15.7
-10.01, 53.21
14.57, 22.4
2.13, -31.32
-25.61, 3.94
0.82, 49.46
6.06, -39.01
31.04, 18.12
19.59, 9.15
-31.79, -6.45
13.45, -24.94
3.37, 54.41
35.7, 28.82
18.88, 28.25
23.94, -32.8
-14.88, 3.07
-28.2, -16.53
-39.46, 8.15
19.64, -21.49
14.46, 24.63
20.58, -6.81
1.46, 51.5
-35.22, -7.94
-23.78, 2.15
9.15, 11.33
-3.95, 50.23
33.0, -30.62
-44.87, -15.04
-6.97, 45.45
-32.69, 9.98
-32.05, -9.05
22.95, -39.34
-38.8, 5.85
32.63, 30.0
10.31, -45.37
7.09, 4.68
-17.79, 29.39
27.11, 0.16
-15.73, 14.77
8.04, -9.8
-35.74, -17.38
-21.19, 20.84
-16.65, 35.33
6.8, 1.96
-10.44, 41.72
29.55, -6.56
3.67, 14.02
-10.67, 40.78
-9.77, 2.23
7.22, -14.99
2.13, 17.45
19.09, -29.67
7.81, -48.21
10.44, 30.01
-6.32, 44.51
-3.04, 46.85
-29.88, -14.03
-4.68, 43.69
2.01, -10.08
30.02, 1.1
-39.78, -20.49
-2.85, -36.63
-33.92, -9.72
7.58, -6.63
27.27, -37.81
-25.51, -21.61
27.66, 32.63
37.57, 25.26
-37.59, -27.58
5.98, 6.32
29.81, 32.77
-8.06, 43.9
-30.6, -4.19
11.98, 30.05
-45.05, -0.99
-37.97, 4.9
-35.52, -24.11
-29.66, -31.83
29.59, -31.38
-32.84, -4.33
-40.61, 8.04
19.98, 31.69
10.87, 29.04
21.84, 7.87
24.93, 8.56
-42.83, 6.24
27.78, -5.63
26.33, -8.5
-25.96, 5.31
25.04, 10.04
-7.15, -9.62
10.07, 2.72
-13.58, 52.03
22.25, 26.04
-40.02, -12.23
-35.34, -15.13
11.38, -30.17
-41.28, -19.19
-24.61, -13.66
2.37, -3.78
-3.09, 55.55
27.64, -34.94
-0.22, -39.56
-24.54, -15.7
-2.22, -10.11
-32.8, 1.14
14.32, -16.34
-30.4, -20.23
-31.27, 15.45
33.06, 11.81
11.09, 14.4
18.34, -21.29
33.2, 3.73
15.74, -34.6
-15.14, 49.02
31.47, 10.86
1.7, -23.44
-20.47, 12.3
17.42, -0.91
21.86, -9.8
-25.52, -14.0
-24.37, 15.32
-33.57, 0.69
2.82, -45.15
26.07, -13.5
1.56, -33.57
30.61, -6.08
-20.0, 6.96
-46.32, -7.26
2.18, -29.95
6.22, -7.72
17.26, 9.61
6.53, -10.7
-42.79, -4.93
-18.84, 23.5
9.86, 6.14
-14.47, 21.86
2.68, 12.65
17.04, -21.27
-28.69, 14.19
5.34, -44.91
1.96, 10.71
0.28, 4.12
-17.49, 8.82
8.09, 20.33
-14.8, 2.0
-14.02, 34.44
-24.88, -23.49
2.07, -8.27
30.18, 30.21
-26.16, 13.1
30.27, 6.76
-3.96, -5.35
-12.9, 37.68
-9.28, 53.99
24.13, 34.17
-11.64, 37.12
-40.89, -19.42
-29.69, 12.67
-47.04, -10.84
-24.47, 17.96
21.09, -8.58
-30.3, -29.75
11.11, -7.9
-29.33, -30.69
22.67, -27.45
2.29, 7.02
37.08, -3.49
-3.11, -27.33
-27.91, -7.03
1.73, -25.36
21.73, -21.07
24.67, 29.43
-26.4, 3.8
-40.8, -3.17
-34.29, -24.91
-17.9, 21.7
-27.24, -24.19
1.77, -34.28
10.75, -47.63
-46.13, -3.56
-24.28, -2.3
-29.79, -9.18
37.04, 2.44
-46.21, -2.56
-5.53, -8.93
-4.39, -11.82
10.25, 3.83
-24.5, 4.1
36.3, 3.12
-39.24, 3.79
15.57, 27.24
-25.7, 7.26
12.29, -23.33
11.13, 30.73
-7.2, -23.34
-2.05, 47.75
-3.88, 53.54
-14.84, 30.64
14.24, -1.61
-35.48, 0.58
20.3, 26.41
-3.35, 8.25
-20.65, -2.98
17.89, 24.55
14.93, -27.64
-4.37, 44.79
21.78, -7.81
22.32, -38.75
-41.16, -12.5
-12.69, 48.51
-18.28, 18.31
14.8, -27.75
-1.09, -24.22
15.55, -21.13
12.84, -0.31
3.05, -42.49
38.54, 9.76
-9.7, 48.84
15.8, -4.72
26.86, -30.18
0.51, 8.79
30.7, 11.14
-15.82, 22.38
27.42, 31.71
19.03, 8.36
-0.75, -22.66
25.01, 31.68
-17.21, 29.0
-0.06, -26.12
-11.84, 48.04
-12.79, 36.53
23.52, 8.84
-28.17, 10.59
-39.03, 8.19
32.16, -30.86
12.42, 15.78
32.8, -32.03
7.59, -11.18
-44.75, -17.13
27.09, -36.87
-6.82, -36.96
4.79, 8.19
15.63, 36.89
19.78, 32.36
-5.51, 2.77
10.38, 9.13
-34.54, -26.45
19.51, -27.21
-41.08, -1.24
12.5, -5.05
16.95, -7.94
13.63, -8.92
-5.3, 55.92
13.71, 26.99
-12.51, 48.56
26.91, 10.27
-12.51, 35.85
-17.37, 19.35
-40.85, -4.35
-1.31, -28.53
-29.07, 12.63
28.98, 31.57
26.81, -21.5
26.25, -16.84
16.4, -2.89
6.58, 10.08
-1.73, -25.35
10.3, -35.22
28.34, -11.07
-19.53, -16.52
-10.97, 51.47
-29.14, -10.41
24.44, 25.13
-18.49, 32.77
3.89, -6.69
11.51, 3.94
-0.97, 47.25
21.48, -25.93
18.92, 35.58
-29.19, -28.97
-43.49, -10.64
22.73, 3.36
7.61, -49.01
12.62, 3.09
-1.13, 7.71
31.38, 32.61
-35.77, -3.76
32.98, -30.22
-23.33, -30.49
17.05, -20.62
-46.65, -9.25
-35.57, -11.14
-21.44, 3.31
-28.15, -17.88
27.28, 0.65
-9.94, 8.75
-16.33, 43.74
6.77, -5.52
-31.65, -2.78
-15.74, 23.48
28.29, 2.76
2.4, -6.5
9.55, 12.99
7.35, 2.92
11.74, -24.32
-26.72, -4.2
33.61, 3.67
29.66, -5.41
2.46, -35.27
7.46, -44.88
21.8, -25.87
-18.36, 38.48
-3.94, -33.3
25.8, -27.37
23.85, -2.09
14.38, -13.21
-36.39, -16.76
-37.62, -13.55
-1.09, 55.12
30.52, 26.5
-27.41, -15.01
-16.72, 32.36
-40.33, -19.45
3.83, -43.34
-23.93, -27.43
-28.47, -19.44
22.93, 6.38
-29.78, -7.08
-2.97, 9.28
-42.66, -16.93
-31.07, -24.3
33.1, -2.03
-10.08, 40.96
19.24, 9.55
-14.69, 33.2
28.49, -14.14
5.9, 17.77
-26.0, 7.89
-36.37, 1.9
-40.11, -17.79
-1.95, 18.09
-2.07, -16.46
-15.54, 25.62
-22.29, -18.32
-27.96, 1.26
-5.99, 44.34
-41.62, -13.62
9.48, -10.83
10.61, -48.61
27.38, -29.17
14.03, -5.71
15.5, 31.54
15.04, 31.2
10.21, -35.27
-5.56, 55.44
25.48, -11.01
6.14, -13.17
22.18, 33.71
-32.05, -27.26
-35.33, -5.92
-0.33, -23.43
-11.63, 2.08
-22.67, 11.29
-28.19, 2.94
35.82, 29.08
20.25, 25.36
-12.41, 49.28
-13.32, 35.6
36.02, 28.11
10.53, 10.41
23.04, 0.09
-40.24, 5.59
9.74, 16.95
-31.01, -22.05
-16.22, 45.66
-24.91, 15.15
-6.41, 55.79
-23.29, 17.68
9.92, -45.83
-22.45, 2.88
24.7, 22.83
13.64, 37.89
-23.14, 11.89
27.65, 6.63
-3.43, 45.92
-19.65, 9.27
4.6, -8.78
10.78, 4.85
20.98, 24.72
1.83, -37.81
37.35, 25.46
10.52, 26.42
4.8, -9.12
6.13, -35.17
0.58, -19.19
26.21, -33.12
-30.26, -19.85
17.12, 23.37
-33.47, -26.06
34.67, -2.97
19.71, 8.08
-31.41, -10.24
-16.28, 15.72
-0.15, -40.41
8.96, -40.35
5.34, 10.95
25.62, -30.56
-28.93, -28.38
-13.65, 54.04
35.23, -5.23
14.07, 2.49
33.98, 25.61
-40.22, 6.13
-5.84, 56.87
16.86, 4.25
27.22, -21.75
-2.27, -29.86
-26.12, 6.0
11.03, 35.02
-14.73, 29.77
11.73, -23.71
0.81, -10.13
-1.01, 1.19
28.16, 29.56
21.64, -36.68
8.36, 30.43
20.98, 34.45
21.71, -23.77
15.19, 30.62
-36.49, -13.96
-27.01, -11.34
15.69, -0.79
18.22, -22.05
-25.64, -14.66
-22.94, -19.4
-28.98, -31.77
3.95, -38.12
-9.23, -11.14
-24.7, -27.17
-17.44, 10.64
-8.37, 44.88
-3.26, 9.64
25.01, 7.98
-26.41, -31.98
-26.21, -13.26
-30.37, -20.41
-2.04, 51.01
7.59, 29.89
13.91, 27.62
4.8, 52.83
-9.9, 51.24
-24.59, -13.5
-1.9, -23.95
-25.06, -12.19
18.92, -23.87
-38.34, 8.62
-9.2, 10.71
12.48, 2.98
30.32, 10.57
5.49, 12.0
10.78, -50.9
24.86, -27.67
15.36, 28.49
3.52, -25.36
-17.95, 40.42
-22.52, -11.85
10.3, -48.83
26.12, 33.78
-34.72, -1.29
-31.9, -14.93
11.13, -25.42
-38.16, 1.69
0.72, -41.96
29.67, -31.88
9.2, -40.37
13.8, 37.99
6.56, -12.54
-36.83, -17.32
36.36, 26.08
25.01, 1.0
15.25, 3.79
-14.73, 38.96
31.05, -13.55
20.64, -10.62
29.73, -38.35
35.4, 9.39
-2.2, 16.06
3.69, -6.9
36.84, 4.47
-3.96, -11.34
-0.99, 17.57
-2.52, -28.16
14.12, -16.66
-27.51, 6.86
-2.54, -25.09
26.04, 1.62
26.85, 1.97
-21.78, -18.05
-1.85, -38.44
-0.57, 48.68
-15.3, 48.41
28.25, 25.45
-27.13, -16.39
28.65, -32.67
-26.18, -32.61
28.19, -3.19
36.29, 1.27
4.35, -41.87
-21.53, -12.46
0.61, -12.26
13.67, -21.59
36.17, 8.9
-24.34, -10.77
-18.48, 6.47
-18.75, 12.46
25.88, -3.91
-20.23, 38.82
-24.71, -23.83
13.72, 7.81
38.44, 3.94
23.69, -24.6
-28.1, 17.13
31.75, 31.51
-25.97, 17.74
-33.56, 2.47
-37.16, -29.14
13.14, -6.44
-30.09, 1.45
-29.04, -13.04
35.83, -2.86
9.57, 24.34
-10.83, 46.0
-30.73, -21.24
24.53, -28.31
15.65, 31.25
30.33, 4.31
-15.44, 15.01
8.1, -7.68
-34.08, -9.86
13.69, 1.32
0.13, 12.44
30.78, -14.28
30.64, -32.55
7.21, 55.31
-6.37, 44.06
-27.95, -32.69
-2.41, 5.75
34.51, 2.24
-36.26, 2.8
17.96, -28.26
12.84, -24.67
20.13, -22.12
9.51, -44.53
0.74, -31.78
25.54, 33.39
34.65, 5.32
-21.27, -2.93
7.9, 2.61
-39.58, -19.09
-17.63, 10.89
-23.2, 3.75
-25.24, -29.27
25.08, 14.01
-43.84, -7.22
-1.24, 47.55
-8.08, -25.85
-3.91, -11.08
15.08, 35.72
-39.85, -15.1
17.82, 13.91
-31.87, 6.52
-11.17, 39.76
0.45, 7.39
-44.09, -0.96
20.72, -19.99
9.27, -2.54
1.45, 14.31
-31.09, -23.63
25.94, -12.46
-22.46, 12.68
-25.52, 11.4
22.15, -25.34
-29.48, 6.57
12.59, 3.04
14.51, 9.02
12.96, -47.64
20.05, -35.26
-34.57, -11.31
2.41, 11.59
9.61, 9.71
33.91, 29.41
-43.54, -1.74
-24.69, 9.74
-0.1, -41.0
0.36, -38.2
2.55, -26.72
-42.31, 5.06
-16.06, 21.48
-13.05, 39.6
14.76, 10.53
5.22, 1.81
28.11, 29.31
31.41, 8.82
3.81, -27.28
39.17, -0.62
29.86, -36.35
15.01, -27.93
22.12, 12.02
-25.84, 16.35
-3.79, -31.72
-31.49, -1.78
-27.32, 14.28
-26.35, -16.95
-37.78, 4.63
7.28, -8.18
-37.64, -18.51
26.42, 3.68
-14.73, 2.0
-1.33, -35.02
0.41, 52.89
15.57, 27.31
27.88, 1.13
-23.7, 1.47
25.26, 16.03
35.43, 4.6
32.77, 35.83
31.63, -28.67
32.65, 0.74
31.69, 7.82
13.43, 2.23
-40.75, -3.23
31.21, -5.59
9.31, -40.25
37.62, -1.44
-6.93, -10.34
20.33, -21.55
17.77, 30.45
15.59, -39.61
-22.77, -11.58
29.06, -33.56
-27.23, 8.34
-24.19, -16.21
3.12, -26.5
-21.45, -25.13
36.27, 4.9
4.07, -8.3
-9.0, 41.11
-27.0, -8.96
-0.56, -30.5
-10.89, 40.52
-21.49, 19.65
0.57, -16.7
-46.68, -1.57
3.59, -24.03
11.84, -24.36
6.16, -7.49
-25.89, -31.38
12.11, -12.91
30.54, 32.16
-9.22, 42.12
12.72, 26.37
-24.31, -17.24
-17.04, 29.68
-38.02, 1.53
-36.86, -3.58
-36.78, -23.56
23.94, -29.97
4.39, 10.76
-27.04, -25.49
9.59, -5.25
13.74, 38.14
-28.01, -18.34
15.34, 31.98
-14.64, 49.68
11.69, 31.78
-18.09, 40.67
-20.17, 23.92
27.16, 7.68
0.06, -39.17
9.8, 4.42
15.53, 11.34
-37.95, -15.48
-28.4, -19.77
-8.57, 50.94
-30.38, -9.06
6.93, 7.9
-1.16, -7.85
-19.26, -6.66
-5.75, -11.39
-8.84, 52.29
-4.49, 46.24
3.33, 16.32
4.05, -27.16
-0.44, -11.56
18.29, 37.37
-36.45, -29.47
-45.57, -2.24
-17.37, 9.74
36.98, 27.41
27.33, 5.5
0.69, -3.87
2.11, -40.94
16.25, -2.85
8.37, 12.93
-2.49, -26.42
23.58, 29.65
30.19, 4.41
3.83, 54.11
30.64, -35.82
3.62, -5.76
15.49, 12.36
-21.57, 19.24
9.81, 36.26
-35.53, 4.74
8.58, -44.76
-19.36, 1.02
29.59, -29.79
-39.75, -11.94
15.1, 9.86
-24.72, 15.42
-17.18, 44.33
-26.59, 9.93
-36.65, -29.56
1.18, 55.96
29.37, -35.66
28.68, -0.41
-22.92, 11.65
13.91, 25.48
31.83, -36.11
26.51, -26.54
-26.15, -9.04
-5.28, 45.07
-20.01, 24.26
29.03, -16.77
-24.35, -18.17
7.43, 10.51
-27.8, -33.25
-40.81, -0.04
-11.78, 2.02
24.07, -27.46
-27.34, -33.96
-4.1, -28.86
28.82, -35.56
-6.87, 16.11
-9.03, 55.58
-13.51, 34.17
32.04, 0.47
37.29, -0.89
-27.79, -7.69
11.19, -48.6
-17.29, 7.93
-35.62, -11.25
-8.19, 54.79
17.78, -1.03
35.97, 4.07
20.54, -25.35
8.46, -21.07
-25.42, 19.89
35.61, 4.76
-31.72, -11.88
0.12, -42.96
-36.61, 1.6
33.55, -5.08
-7.9, -6.26
22.03, -36.34
7.28, 28.46
-31.51, 9.71
-32.88, -16.36
11.05, -7.88
-4.58, 52.44
-12.24, 45.51
13.38, -15.68
4.47, 13.56
16.94, -23.79
16.71, 1.32
-5.11, 11.19
-8.7, 48.87
-0.25, -10.56
21.23, -19.9
33.27, 6.58
22.33, -25.22
26.43, -1.85
-17.74, 29.83
-31.72, -16.29
21.25, -31.08
25.02, 13.51
-20.96, 18.16
9.34, 28.18
-17.43, -6.92
-9.27, 34.66
16.77, -7.85
28.66, -26.9
-26.91, 15.29
26.01, -28.5
-31.9, -24.04
27.57, 6.43
-9.1, 40.81
-32.29, -19.07
10.19, 1.84
-22.7, -1.72
-24.61, 10.97
3.25, 54.39
-43.84, 4.56
-25.09, -18.41
-35.93, -8.39
32.46, 2.76
-16.92, 4.17
-12.66, 42.0
-31.99, 11.14
-24.08, -29.03
21.23, -32.0
28.48, 28.98
29.65, -34.55
37.12, -3.81
29.72, 0.4
-25.28, 8.59
-20.75, -32.32
-24.08, -29.42
31.73, 28.84
29.36, 1.76
25.6, 6.22
-21.23, -1.68
-29.43, 13.49
28.51, -38.53
22.06, -37.92
-28.43, 12.19
27.43, -11.12
30.58, 26.18
-26.04, -16.99
22.46, -9.72
-20.89, 16.04
-33.18, -27.65
-44.95, -9.95
15.93, 25.88
-0.85, -36.44
8.81, -30.62
-16.72, 29.07
-27.01, -17.74
-0.48, -44.72
3.18, 7.6
8.9, 28.37
-33.33, -9.25
24.93, -30.82
12.8, 8.41
31.58, 0.34
-12.21, 54.79
-16.21, 42.94
3.16, -32.76
33.36, 11.93
7.94, -6.82
-11.63, 46.92
-2.63, 47.01
-17.27, 43.18
33.94, 4.76
-13.31, 31.52
7.49, 29.03
32.26, -5.47
26.12, -20.18
14.8, 22.86
17.99, -26.05
-14.77, 45.41
25.7, 5.9
6.93, -10.17
24.02, -8.88
-19.82, 17.07
-11.3, 9.63
-1.96, 4.72
-33.67, -9.74
-2.16, -29.39
-26.08, -20.13
6.79, -45.47
11.85, 2.8
22.75, 1.67
3.6, -46.11
1.06, -37.46
-3.08, 13.06
8.28, -5.16
1.45, 52.52
-41.49, -19.11
22.78, 33.93
-41.51, -15.69
-35.64, 8.78
13.7, -8.53
-12.23, 49.73
-11.95, 26.39
-27.98, -11.58
27.41, -32.64
17.64, 30.24
-40.52, -16.98
-23.0, -19.72
18.55, -11.26
-18.77, -0.19
-15.09, 44.89
3.08, 13.05
34.45, -0.31
2.44, -13.95
12.58, -44.29
-36.03, -4.56
16.12, 1.73
-19.25, -7.31
-12.45, 37.42
-14.72, 28.86
-0.91, -23.36
-24.2, 0.16
-3.84, -28.16
32.36, -3.66
20.9, 35.65
28.43, 27.35
31.96, -32.8
14.86, 4.19
-40.38, -0.44
35.46, 28.84
23.69, -9.59
-16.09, 43.34
31.73, -31.44
13.06, 3.65
-14.57, 27.29
-43.45, -9.75
13.05, -5.63
-13.88, 3.07
-36.97, -5.8
-0.85, -35.27
-34.01, -2.16
23.78, -23.11
-1.72, -27.7
-10.96, 37.42
11.12, -8.84
-3.78, -14.09
0.6, 16.96
34.89, 5.28
5.99, 8.68
8.48, 29.75
-1.91, -24.95
7.39, -14.47
17.03, -25.58
-25.13, 8.81
-40.92, -6.28
8.79, -47.18
-16.53, 40.57
31.04, -5.57
-29.81, -27.36
-24.78, 6.89
29.61, -4.13
14.16, 30.29
23.7, 4.63
-38.81, -8.52
30.35, 35.78
16.51, -5.97
20.2, 33.09
-30.19, 16.01
-1.31, 48.99
-23.13, 10.64
26.9, 25.73
-2.83, -29.67
2.01, -47.17
-3.03, 49.53
-4.18, -14.52
-15.38, 15.99
4.45, 7.28
-2.39, -24.93
24.02, -38.1
-13.91, 34.15
-0.37, 14.64
27.13, 24.49
-9.56, -9.71
-18.09, 16.32
-22.67, 5.88
-2.26, -32.98
17.58, 14.14
32.56, 5.93
16.31, -11.3
13.85, 16.89
-32.38, -17.47
29.66, 35.6
-35.59, -26.72
16.39, -24.04
3.62, 8.99
1.48, 15.66
25.05, 2.4
-38.88, -23.27
-35.07, -7.99
20.32, 36.65
-18.76, 9.45
5.54, -8.28
-9.5, 36.66
4.98, -37.13
22.05, -3.72
2.75, -29.73
24.01, -32.33
20.28, -7.31
0.26, -35.45
-21.87, 11.4
32.31, 6.49
5.18, -46.66
-37.16, -29.16
-29.19, -19.77
-44.85, -16.83
1.05, -35.66
2.33, -22.22
28.35, 9.78
23.79, -36.23
-38.31, -9.47
-4.02, 55.28
23.8, -38.18
-6.15, 56.91
-32.93, -15.85
0.11, -30.2
27.36, 27.12
-38.37, 6.77
-15.36, 26.6
-11.14, 50.59
30.74, -33.22
-1.58, -37.42
24.44, 6.64
-32.51, -13.74
8.99, -8.47
-0.63, -35.15
7.53, -1.45
3.99, -36.49
0.69, -16.6
17.81, 7.8
-24.86, -34.02
2.89, -40.69
-37.87, -19.34
24.84, 7.82
-22.13, -22.24
1.22, 50.81
19.5, 6.8
-40.78, -15.59
0.49, 50.51
-34.56, -8.58
-1.29, 48.89
-15.23, 22.66
-10.3, 48.71
-7.94, 47.85
-35.68, -0.99
28.84, 3.48
-0.2, -13.51
-39.82, -19.29
31.67, -32.98
-32.53, -10.67
34.04, 3.87
-0.93, -29.79
-4.01, 48.71
-17.63, 19.59
9.38, -3.33
5.57, -13.0
26.25, 1.36
27.91, 3.23
20.84, -33.84
-7.27, 54.96
33.98, 11.45
-24.5, 2.31
27.75, -12.48
9.91, 12.09
8.25, -46.72
-10.16, -10.45
-9.63, 55.31
22.0, -27.48
-2.32, 18.26
-13.83, 16.94
26.63, 4.42
-41.72, -15.78
3.99, -29.58
-19.27, -6.05
-33.66, -13.71
3.19, 7.74
-16.36, 35.25
-8.67, 9.1
-38.44, -3.72
-13.27, 11.8
32.98, 28.61
5.64, 13.16
11.44, -49.86
23.1, 27.06
-28.37, 9.27
24.43, -36.25
17.79, -23.54
6.14, -45.74
-33.83, 12.74
4.95, -13.16
12.78, 8.24
5.98, -31.06
11.59, -24.73
-27.52, -28.48
32.48, -5.69
-38.56, -1.56
-0.2, 56.04
26.43, -1.52
26.07, -19.17
-30.1, 1.43
35.12, -0.44
24.89, 5.32
10.04, -5.72
0.78, -6.28
-3.17, -28.52
-6.75, 16.08
14.48, -27.01
11.92, 28.73
35.09, -0.82
-28.56, -31.22
9.88, 29.38
23.32, 6.22
22.08, -34.72
-23.92, -14.25
-27.84, -10.82
-39.69, -2.5
-17.84, -1.58
13.36, 30.76
-13.21, 27.97
-37.44, -6.61
-31.39, 16.81
24.47, -26.84
2.36, -36.58
23.02, -30.81
12.76, -0.24
14.18, -8.05
17.49, 30.46
0.48, 14.62
0.1, -11.12
-18.75, 0.31
20.93, -6.12
20.24, -31.65
29.0, -16.59
11.25, 29.9
-21.21, -8.78
13.59, 24.13
9.28, 7.44
25.46, 34.36
13.69, -10.71
6.67, -7.13
15.77, -34.66
1.5, -25.37
-35.71, -17.57
31.22, -37.14
0.93, 15.74
-40.21, 2.02
9.18, 13.92
16.0, 35.23
-18.62, 17.33
-35.39, -28.46
-28.81, -7.87
19.94, 31.42
23.73, -33.02
27.4, 0.44
32.73, 27.54
-34.61, 1.49
-3.46, -41.93
-26.53, 10.43
10.64, 33.65
-7.99, -9.05
-15.4, 30.71
2.25, 54.88
-10.57, 40.25
10.05, 24.34
38.58, -0.97
11.64, -49.32
-24.2, 4.65
12.99, 1.5
-27.12, 16.9
7.48, -49.49
-28.77, -33.32
11.61, 8.8
-33.34, -6.92
-32.7, -16.95
-1.34, 8.18
-2.16, -36.74
32.45, -2.98
6.43, 14.43
33.82, 11.44
-17.31, 38.52
23.51, -29.36
4.08, -37.9
15.94, 30.41
23.97, 29.75
-1.29, -12.37
-1.23, -34.52
-26.47, -5.43
21.59, -9.65
14.18, 8.74
-11.17, 53.06
-36.71, -25.46
2.59, 54.76
-19.78, 16.44
9.66, 29.58
-41.87, -18.41
10.24, -46.16
0.06, 50.0
6.35, 8.41
-43.8, -15.53
34.07, 8.09
-11.39, 41.24
29.34, 34.53
26.03, -4.13
23.19, -31.6
12.35, 14.4
25.99, -11.94
-24.01, -24.31
16.47, 32.86
-24.78, -33.75
21.23, 30.88
7.88, 0.24
22.46, -31.6
-24.61, 10.21
25.68, -19.23
-16.98, 24.04
14.99, -24.87
13.54, 24.52
36.61, -5.32
-14.97, 17.84
2.75, -34.32
-15.94, 14.68
-32.04, -8.91
-15.19, 39.25
17.06, 35.46
0.29, -22.76
20.99, 29.35
-28.88, -28.56
-43.65, 4.72
13.95, 8.53
14.77, -22.88
-43.93, 1.96
-40.17, -16.02
1.49, -10.79
15.13, 10.73
12.75, -24.53
0.54, -36.57
9.47, 8.32
-35.74, -0.17
6.34, 9.98
26.6, -11.96
10.03, -40.19
-28.58, -14.95
30.25, -34.64
-40.21, -12.2
3.96, 6.89
-20.87, 10.31
-15.96, 29.72
37.79, -7.67
-45.72, -4.31
27.33, -13.4
5.54, 1.97
20.9, -24.89
-25.44, -21.07
-19.01, 35.95
18.9, 1.57
28.69, 9.84
5.98, -41.29
-38.32, -1.36
11.82, 0.64
-25.57, 14.63
-16.22, 28.11
26.13, -29.25
11.87, -11.81
-25.82, 15.72
-12.8, 40.89
-20.01, -0.96
-4.81, -6.5
15.68, 29.56
-22.43, 10.71
-38.05, 0.73
-7.75, 41.18
9.4, 13.45
10.95, -10.65
25.93, 27.28
-38.21, -24.53
-39.93, 6.81
-30.27, -30.16
-26.3, 11.9
35.24, 30.42
29.9, 33.51
22.05, 6.48
-31.02, -29.25
-23.75, -14.02
-13.25, 32.22
-21.23, -14.43
29.06, 32.07
-14.62, 32.61
-25.76, 12.51
-24.18, -26.82
-39.61, -25.04
-38.03, -9.18
7.25, 55.32
4.89, -33.02
-15.66, 10.77
9.15, 33.08
-23.87, 15.61
3.74, 11.04
22.51, -14.68
-19.73, 32.74
-30.9, -7.85
-24.67, 8.94
-2.85, 49.97
-19.2, 35.42
-19.33, 11.19
26.0, -11.62
35.65, -3.84
28.25, 8.09
11.51, -3.93
-14.9, 44.7
27.3, -0.84
-21.71, 10.54
7.71, -49.03
-3.97, 54.2
33.61, -6.61
8.32, 9.0
-26.66, 12.53
20.51, -5.03
16.94, -11.66
11.58, -46.21
31.43, -32.12
30.39, -34.16
15.65, 30.48
13.54, 7.09
4.61, -1.14
-13.46, 16.91
23.95, -2.25
-24.98, 15.22
-17.65, 39.16
36.27, 3.67
25.74, -36.61
33.31, 13.19
-45.68, -4.2
-44.18, -5.07
31.71, 7.69
5.34, 13.03
-35.35, -8.89
21.01, 34.44
25.31, 8.44
-22.0, -11.83
-15.68, 17.7
-12.79, 53.72
-9.99, 54.86
-18.5, -0.27
23.58, -26.43
-25.41, -33.22
-24.17, -8.77
5.09, -43.67
14.47, -4.08
-26.23, -16.58
-9.55, 48.56
-9.74, 58.37
18.97, -32.2
9.54, 29.31
24.38, -33.3
21.34, -33.09
-34.82, -23.72
3.93, -42.8
-23.23, 8.81
19.18, -28.12
-16.85, 18.36
-8.08, 51.24
-46.97, -6.28
11.06, -47.81
-30.34, -32.29
-1.29, 2.53
-36.11, -25.23
-24.56, -24.87
-22.46, -14.59
-10.82, 42.06
-21.08, -0.14
-32.71, -4.35
7.86, -11.0
28.08, 7.57
23.04, 8.47
6.26, 8.45
30.1, 35.72
37.94, -7.71
7.24, -44.88
17.51, 29.11
14.79, 25.72
-10.9, 36.07
-0.64, 51.87
-10.72, 40.64
-10.64, 35.83
-9.48, 41.49
3.51, -44.39
-40.27, 6.5
0.8, 17.09
-44.97, -14.96
32.62, 3.58
-18.15, 12.55
-12.9, 45.96
-2.62, -32.12
-40.93, -16.76
18.87, -12.12
32.71, -28.98
-21.41, -21.34
-22.57, 4.65
-44.93, -5.96
8.68, 30.0
-29.47, -29.46
22.74, -33.75
-16.47, 18.49
34.2, -29.34
-11.32, 47.36
-24.0, -25.78
-1.73, 4.87
11.41, 15.04
0.44, -36.02
20.85, -22.61
21.6, -35.47
-41.61, -13.47
-1.2, 57.02
2.38, -27.77
12.95, 1.82
10.8, 29.58
32.63, 32.51
29.56, 1.7
38.18, -1.42
-23.71, -21.38
8.99, -20.22
36.59, 29.25
7.68, 28.31
3.66, 52.32
-24.11, 8.87
29.57, -10.74
-34.85, -23.59
-40.25, -17.86
22.91, -22.96
-32.32, -18.32
35.12, -7.71
-18.1, 22.31
-21.82, 0.52
25.56, -7.79
-16.22, 34.33
19.22, -19.91
-6.35, 43.97
20.39, 27.5
28.6, -12.49
-37.55, 11.08
19.02, 31.89
-14.3, 50.12
20.06, -35.36
-18.27, 34.18
11.62, 15.99
-26.87, -21.86
-2.4, 55.38
6.93, -50.74
0.44, 4.36
38.57, 6.0
14.99, 4.04
-31.88, -5.12
23.04, 3.69
0.74, -34.49
9.08, 26.61
15.33, 7.94
41.18, 1.7
12.85, 29.09
15.53, 33.06
-5.53, 53.99
28.57, -32.15
-29.18, -29.28
20.78, 27.49
-36.7, -3.51
16.17, 26.89
-38.09, -27.09
21.78, 7.84
-18.63, 13.74
-30.76, -8.52
-8.97, 54.21
-9.81, -11.46
14.09, 30.88
-39.49, 0.88
-33.17, -3.24
15.02, -20.01
32.44, 0.82
4.91, 8.19
22.85, -9.47
29.72, 12.59
14.54, -2.1
20.27, -35.4
-36.11, -3.81
-37.35, 6.92
0.66, -37.53
15.23, 35.7
6.1, -14.47
17.95, -21.63
36.15, 28.95
-25.35, 12.95
-28.95, -28.62
3.53, -41.85
5.87, -42.36
7.48, 9.1
2.23, -43.16
0.46, -40.96
10.2, 2.6
-0.3, -42.72
-38.88, 2.29
3.64, 51.26
-22.36, 18.16
13.27, 25.19
26.05, -8.92
-33.85, 0.06
-21.82, -12.75
26.66, -27.09
-19.76, 18.78
12.31, 30.27
-26.03, 8.28
0.34, -37.77
-23.12, 11.95
33.9, -31.3
0.33, -40.26
-4.65, -8.5
-44.5, 2.55
-31.11, -29.66
-20.57, 17.08
25.84, 30.32
22.11, -34.63
-28.88, -8.19
-26.22, -19.44
27.33, 35.55
27.21, 22.47
-34.51, 1.43
-33.27, -27.53
-32.14, -26.88
10.6, 33.7
39.53, 5.37
28.07, -4.87
30.62, 34.54
0.54, 56.0
-19.38, -2.4
21.79, -24.7
-19.28, 23.01
-0.49, -41.17
-33.86, 3.98
-18.47, 30.21
36.29, 1.67
7.47, 2.29
-26.63, 21.4
-35.27, -14.08
12.02, -11.94
-26.77, -22.32
18.11, 27.63
5.87, -8.17
-16.89, 44.86
15.4, 11.5
-15.7, 10.82
29.99, 0.75
-25.13, 0.95
-19.04, 38.89
2.0, -4.29
19.65, -5.99
19.17, -25.94
-32.59, -13.61
-12.94, 36.69
-46.21, -11.11
28.01, -31.44
-4.29, -28.18
25.42, 16.02
25.02, -6.64
12.23, -49.77
23.06, -35.27
-44.19, -7.03
-31.57, -1.64
-24.28, 13.95
26.46, -9.2
-10.56, 54.43
9.46, -40.01
-2.01, 15.9
-35.13, -3.29
5.87, -10.27
-3.72, -13.04
-30.85, 16.36
-34.82, 1.48
19.54, 12.47
7.53, 2.28
21.59, 9.63
9.96, 8.5
-16.28, 42.6
-4.36, -6.79
38.47, 3.09
17.95, -12.13
18.27, -23.63
3.44, -4.58
34.86, 2.4
34.4, -3.59
1.21, 11.95
-0.07, -26.48
-25.41, 9.88
-20.02, 24.03
-18.47, -0.38
21.14, 10.77
-25.18, 9.01
34.06, -29.63
25.31, -10.52
-31.91, -2.81
16.78, -23.12
31.76, 30.02
0.65, -3.6
30.94, -12.58
22.38, 4.11
-11.83, 55.88
-23.08, 12.68
-18.37, 24.91
7.31, 8.98
4.6, -31.5
-4.77, -8.84
-40.38, 8.7
23.7, 3.8
1.84, 8.57
-28.35, -20.37
6.73, -3.81
27.26, -4.57
-17.83, -4.72
15.55, -34.51
-11.11, 46.2
-25.83, 11.87
22.54, -31.82
24.3, -31.87
33.63, -1.85
-21.86, 0.09
24.54, 30.4
20.67, 1.46
0.83, 19.21
-7.38, 45.14
10.35, 7.58
6.03, -38.79
16.23, 34.53
-34.74, -4.73
35.17, -3.73
-22.21, -0.25
9.85, -5.27
-14.9, 27.57
8.88, 12.59
4.35, -46.16
8.35, 24.02
0.32, -17.3
0.49, 53.39
-33.85, -29.35
11.18, 13.76
-45.27, -4.9
14.13, -9.67
1.99, 12.07
31.73, 5.18
18.68, -28.71
0.94, -26.12
30.94, 34.81
-30.65, 9.16
30.61, 2.69
21.59, 6.8
11.9, 32.36
-9.05, 45.22
28.49, -30.56
-30.09, 17.21
26.07, 3.56
-30.98, -30.49
-1.42, -40.28
26.29, -1.8
-36.42, 5.64
36.89, 3.48
-11.71, 2.08
23.59, -11.21
-23.75, -28.55
28.28, -35.91
25.81, 8.57
7.25, 15.97
26.07, -36.46
-28.56, 3.55
5.52, -33.12
2.7, -8.99
-40.78, -20.7
-26.37, 11.49
34.28, 6.44
11.96, -22.85
22.56, -35.39
4.07, 10.54
2.44, -26.68
11.04, 32.09
-1.41, -8.21
-5.45, 49.44
-18.19, 34.04
26.28, -23.42
25.83, -28.63
-38.93, -8.57
-21.4, 20.75
25.52, -23.0
-16.47, 40.41
31.08, 30.96
23.88, -0.77
17.83, 27.98
-28.89, 17.41
-22.96, 10.03
6.64, 11.54
21.96, -12.76
25.06, 31.6
29.3, -12.8
-15.67, 17.62
2.17, -37.11
-29.67, -13.29
-0.26, 49.51
-37.29, -18.35
-18.96, 40.73
-1.15, -27.66
-38.05, -12.79
27.29, 27.21
-39.39, -24.47
32.14, 12.96
0.86, -7.11
-44.1, -10.7
26.54, -6.7
-25.99, -10.15
24.05, -8.92
29.58, -29.98
-4.58, 51.14
19.98, -1.92
19.37, 8.81
12.58, 10.06
-30.72, -9.02
-12.73, 36.53
-31.42, -9.17
-17.23, -7.13
-29.4, -19.93
-16.86, -19.66
-6.17, -12.0
25.8, 35.68
-20.08, 2.18
-44.63, -8.42
12.19, -45.06
27.78, -34.83
-3.51, 46.15
4.08, 52.55
-5.21, 51.35
23.83, -28.8
-42.4, -11.25
-32.89, -15.88
-19.48, 1.99
12.2, -48.82
37.11, 3.79
-3.28, 10.95
25.35, -31.47
-39.7, -2.25
29.18, 6.26
24.0, -26.33
1.87, -39.99
-16.7, 32.6
-40.43, -0.14
15.1, -1.76
0.91, 50.58
30.99, -3.52
13.71, 12.91
-17.8, 36.71
32.45, 30.02
12.21, -6.48
10.49, -49.14
24.46, 33.33
-33.61, 8.57
31.78, 5.81
-3.87, -31.32
13.37, -24.25
-15.03, 31.01
-28.84, -21.09
-17.16, 16.52
0.83, -40.91
6.01, -45.77
9.08, 10.62
-39.37, 8.01
25.96, 29.61
-22.74, -23.93
0.73, -15.04
1.98, 8.1
23.81, 13.39
-16.64, 30.16
24.66, -36.06
22.61, -20.8
-17.89, -5.11
0.56, -24.19
9.04, -30.49
31.49, 34.24
-14.7, 28.75
12.25, -44.91
-36.24, -6.83
33.93, -5.7
-4.83, 50.6
27.48, -7.02
0.06, -40.5
-18.32, 21.93
21.59, -26.25
-1.28, -36.48
22.82, -24.08
20.02, -25.97
22.38, -29.19
2.13, -44.08
35.7, -1.24
6.64, -9.6
-39.14, 3.18
-14.18, 3.39
-37.6, -8.11
-7.52, -4.44
10.76, -11.83
8.99, 6.07
13.22, -10.21
21.0, 10.11
21.39, -29.99
-48.67, -10.43
30.74, -31.81
34.09, 20.73
-26.45, -15.37
3.15, -33.32
7.24, 16.11
24.53, 29.58
26.69, 4.25
-4.14, 43.96
30.14, 26.91
-13.72, 41.33
-15.39, 27.99
0.63, -12.32
4.1, -39.88
-29.53, -8.73
-0.02, 10.56
20.06, -23.04
2.82, -41.56
-2.1, -35.02
8.64, -9.59
2.7, -10.16
39.18, 3.18
4.64, 3.14
9.99, -47.48
36.09, 28.0
-2.58, 51.8
-42.57, -17.21
-9.9, -10.3
-39.59, -18.67
36.89, -0.77
-28.13, 5.09
13.13, 9.02
25.89, -16.27
24.19, -38.92
-33.76, -13.86
34.78, -3.42
22.19, -7.94
3.01, 54.43
-17.74, 33.39
22.72, -35.34
-10.58, 9.09
-44.81, -6.28
-31.37, 16.57
18.62, -24.53
-7.87, 50.67
-28.48, 6.92
19.34, -23.78
2.53, 53.7
8.93, -44.89
-10.72, 55.89
-34.71, 1.79
11.08, -8.76
5.13, -46.39
2.99, -32.55
6.7, -3.92
-20.68, -3.1
26.36, -11.24
-40.04, -8.76
-30.94, -26.69
-19.78, 13.13
13.0, 25.79
9.37, -12.21
27.97, 8.16
-29.14, 10.85
33.61, -31.2
-15.97, 17.92
-25.23, 9.57
-29.43, -4.15
-0.94, -38.4
-41.16, -7.34
20.25, 25.35
5.08, 9.44
14.41, -16.79
-20.87, -10.49
13.05, 13.16
17.47, 9.77
-40.3, 5.54
-4.83, -5.62
9.25, 11.44
-27.84, -20.55
-24.4, -13.41
9.69, 9.68
2.8, -34.94
10.83, 34.67
4.81, 15.48
-40.8, -1.17
22.46, 26.27
27.3, 2.3
-0.87, -43.32
-14.18, 53.48
-4.99, 50.36
-2.66, 13.34
-28.61, -19.87
26.54, 11.96
-35.48, -28.17
24.26, -28.47
-20.13, 10.87
-38.32, 1.6
5.62, -34.88
-39.45, -5.93
-7.39, 45.68
-43.92, 2.12
-17.63, 40.44
38.77, -1.34
-28.95, -28.14
-34.05, 2.18
36.87, 5.07
-16.02, 36.63
-41.17, -13.94
-25.11, 12.12
-24.95, 19.04
-26.44, -32.4
-26.66, 15.06
18.66, 29.93
-22.89, -19.8
32.53, -6.27
30.79, -25.5
6.34, 10.8
28.72, -14.3
-0.89, 15.35
-40.29, -12.14
26.65, -25.03
-32.5, -17.72
-40.73, -4.02
2.92, 54.34
14.25, -8.59
27.91, 30.21
13.65, 4.49
29.08, -3.64
-31.89, -17.19
-24.3, -22.21
3.94, -5.25
26.09, 28.69
0.77, 17.47
-13.42, 53.55
9.15, -5.4
18.77, 8.47
-30.52, 12.02
-37.32, -4.91
-34.2, -13.79
30.81, 34.4
-16.41, -20.78
6.91, -49.06
33.59, 10.39
5.58, -10.09
-37.12, -5.42
29.73, -0.33
-8.5, -6.21
-34.74, -8.49
-9.64, 2.44
-15.99, 35.55
-23.99, -29.62
-13.63, 27.28
19.34, 12.83
29.55, -36.28
-2.04, -37.48
-23.17, -11.07
7.36, 8.95
-30.66, -30.3
12.13, -23.9
-43.47, 2.37
26.58, -19.12
18.08, 26.29
-26.41, -6.96
24.11, -24.48
-5.26, 48.26
14.01, -26.96
32.67, 8.29
-14.31, 27.35
-2.51, -31.41
22.18, -7.68
2.61, 12.66
-13.58, 47.28
11.52, -4.68
34.67, 1.88
24.6, 11.26
10.67, -26.28
29.4, 9.28
12.83, -8.83
-7.85, -4.04
-37.22, -0.11
-9.58, 1.79
9.78, 8.71
-30.26, 13.66
18.51, -21.6
-31.24, -31.76
-33.47, -12.89
-15.97, 44.8
-31.39, -12.41
-25.1, 9.11
-21.45, 9.32
-7.87, -3.97
30.89, -11.27
16.57, 30.46
21.9, -35.59
-27.8, -18.64
-11.63, 39.57
-3.99, 12.27
6.25, -34.4
15.45, 27.4
31.05, 8.49
-38.09, -1.31
4.33, -44.92
31.88, 31.18
-10.59, 51.15
-26.53, -15.43
-12.48, 54.19
31.87, 3.65
3.19, -24.76
3.63, -6.84
24.72, -22.93
28.48, 12.46
-0.2, 5.18
30.9, 1.5
34.0, 9.73
-18.87, 14.62
-1.24, -42.54
-4.69, -30.0
31.23, -32.37
-11.86, 53.93
-26.43, -13.25
26.03, -21.74
-0.58, -33.62
-37.31, -1.61
9.65, 11.41
-2.76, 54.38
20.83, 31.06
-9.23, 47.25
-29.63, -7.54
-3.7, -8.36
-31.66, -5.17
-21.26, 18.21
23.41, 3.86
-17.66, -5.37
1.39, 13.08
28.85, -32.21
-14.52, 50.24
24.43, 4.18
25.09, -37.63
-44.27, -6.31
1.17, -27.13
-18.94, 37.88
32.42, -30.49
26.7, 25.48
-9.01, -11.21
14.98, -0.72
-28.32, -31.91
-37.48, -22.23
-16.13, 28.79
-9.55, 40.57
-1.38, -7.71
-44.6, -8.23
-3.52, -41.95
12.14, -48.16
21.2, -28.17
8.26, -50.1
-31.67, -12.12
33.43, 33.9
2.68, -38.1
28.92, 28.15
-25.27, -0.94
-4.91, 56.41
-24.77, 13.01
-30.31, -9.01
-10.41, 8.78
27.62, -26.3
29.55, -27.78
28.09, -4.53
14.66, 3.18
13.6, 28.27
29.36, 31.34
33.85, 10.37
-8.7, 42.8
0.29, -23.23
23.96, -27.07
8.47, -10.93
-20.93, 14.52
-23.69, 18.84
-25.58, -7.33
30.79, 25.06
5.09, -45.7
-28.01, 7.69
-27.06, 16.78
-30.06, 17.21
-2.78, -23.49
5.36, -32.04
5.97, 14.39
12.08, 10.88
-44.57, -0.69
5.17, -45.36
-1.89, 15.38
-29.76, -34.31
-9.81, 55.5
26.88, 32.84
6.82, 15.81
16.95, 32.76
25.16, 6.55
-26.75, -17.68
-43.01, -15.85
26.47, -27.05
22.69, 8.49
-24.27, 10.38
26.78, 7.25
32.99, 32.42
31.8, 9.68
31.76, -5.62
-26.13, 6.0
24.03, 3.73
-40.46, -11.82
18.65, -23.37
2.83, -36.85
9.9, 33.13
19.79, -23.32
8.08, 1.82
-14.88, 32.43
24.81, -12.22
38.49, 5.99
-3.66, -13.76
-44.16, 4.15
-17.91, 29.79
-26.12, 6.14
-15.22, 28.06
27.67, -8.73
-17.62, 11.86
2.24, -2.63
-24.23, 2.84
23.31, 8.28
27.22, 33.55
16.88, 26.81
-18.24, 9.65
20.72, 1.7
-31.07, 12.39
34.86, -5.07
-18.56, 16.89
14.77, 0.25
1.32, -10.64
-6.37, -38.27
-6.96, 9.89
19.22, 28.88
-39.86, 8.81
2.25, -40.79
7.71, -10.08
40.94, 0.59
0.65, -42.18
-16.95, 2.01
-39.33, -7.24
2.81, 54.8
-20.3, 17.74
-9.06, 42.68
4.19, -5.34
15.92, 25.87
28.39, 6.36
9.05, -30.49
33.45, 2.02
15.71, 33.25
-12.43, 10.93
27.37, 26.54
-0.26, -38.07
-25.77, 23.77
-43.4, -16.3
31.94, -13.41
3.0, 16.66
13.91, -24.83
4.91, -31.67
27.1, 30.7
-2.92, 55.49
11.69, -48.68
-19.04, -14.31
23.7, 9.5
-24.34, -22.11
-17.42, 41.02
-29.11, -10.36
19.4, 9.2
12.16, 27.72
-8.58, 55.47
16.09, 6.57
-36.04, -17.17
-44.56, -7.36
1.04, -32.28
30.63, -11.08
12.83, 6.48
-1.99, -29.44
-45.58, -11.63
-21.56, 13.14
-26.54, 8.24
5.0, 12.99
8.29, -40.26
-28.01, -7.97
-16.64, 22.68
36.2, 8.99
-27.7, -15.59
-46.72, -7.12
32.81, -32.34
11.54, -6.98
-27.57, -30.08
-2.51, -38.91
-34.06, -28.09
-0.81, 55.1
18.36, 37.32
23.39, 8.22
32.23, -27.71
27.94, -29.71
13.81, 27.22
5.04, -47.04
10.65, -46.94
6.67, -3.7
-21.43, 3.05
22.85, -26.25
4.01, 6.78
1.0, -36.04
-46.61, -6.11
-14.12, 4.6
-28.21, -13.47
14.18, -26.72
-19.46, 1.75
19.55, 21.42
-43.96, 4.34
14.96, 26.94
-19.46, 39.72
-0.12, 14.98
11.7, 6.24
7.38, -11.83
-23.65, -19.31
32.51, 31.18
-23.75, 18.76
-14.99, 41.09
3.95, 6.8
16.38, -2.8
39.81, 8.23
19.0, 27.42
-26.54, 9.67
-0.42, -34.87
12.29, -24.6
-17.5, 30.4
34.26, 32.85
-23.6, 17.0
-15.68, 28.23
21.38, -26.11
11.42, 9.81
30.79, -5.55
3.36, -23.82
19.99, -25.05
4.69, -7.83
28.53, -5.17
11.65, -47.46
25.27, 31.22
2.85, 13.88
-20.22, 24.68
27.86, -25.15
-15.2, 49.02
-32.6, -24.14
17.09, 32.31
-3.97, 53.9
0.41, 52.64
-31.9, -26.93
-40.53, -13.36
-32.11, -27.97
-24.66, -12.79
-29.12, 13.93
-4.18, 55.99
-0.34, -33.6
18.73, 30.25
16.35, 6.57
-26.18, -16.01
29.56, -38.56
15.04, -26.94
-14.42, 37.11
0.66, 17.18
8.36, 1.1
-40.66, -15.73
26.45, 10.72
-44.26, -15.21
20.91, 29.36
24.72, -39.52
0.29, -22.84
-12.75, 39.85
1.25, -24.89
-17.82, 38.76
17.21, 31.61
27.2, 28.07
14.91, 27.25
1.56, 52.03
27.12, 24.51
31.23, 7.4
-19.51, 26.56
-1.31, 6.52
-11.29, 37.1
26.16, -26.81
18.09, -20.4
17.37, 34.17
-3.14, 47.67
13.38, -50.22
6.33, -45.92
24.92, -28.68
-16.89, 33.28
2.98, -33.21
21.19, 34.67
25.82, -14.74
-8.13, 41.6
-17.71, 19.49
-32.9, -25.75
5.8, 11.36
8.07, 26.8
-13.42, 53.12
-25.27, -16.51
24.5, 9.65
0.37, 7.5
32.67, 11.17
-30.68, -9.88
-24.35, -25.34
-32.43, -18.56
-1.42, 6.42
24.61, 0.05
-35.84, -13.68
-24.21, -0.44
19.07, 28.98
-20.72, 4.59
22.46, -14.53
-17.98, 13.89
24.68, -31.17
-40.29, -3.25
36.67, -3.06
30.1, -7.01
13.92, 32.87
-2.81, -39.71
-27.59, 6.89
-2.01, -25.9
18.5, -20.49
19.41, -26.95
9.54, -48.44
-16.13, 14.97
-21.31, 17.17
23.36, -24.93
-3.93, -12.71
14.07, -5.83
8.69, 9.79
-16.71, 42.49
28.93, -25.16
-19.53, -16.43
21.92, -20.54
19.91, 26.88
0.08, 5.08
-18.87, 38.91
6.76, -9.33
20.75, -22.86
18.73, -8.73
14.6, 10.43
22.98, -26.88
37.88, -3.55
12.76, 30.1
-18.06, 5.26
-27.97, 21.11
36.32, 25.78
2.66, -32.65
-36.53, -25.27
-26.47, -15.0
1.6, -12.62
-2.68, -6.07
-6.86, -11.22
-11.26, 30.61
-27.05, -18.95
13.5, 29.51
7.13, 14.82
-7.37, 9.87
4.04, -27.89
3.22, 10.4
-0.22, -25.53
28.99, -11.4
21.57, -28.07
32.34, -27.48
5.63, 4.14
-30.81, 16.72
-0.98, -39.92
-15.42, 27.89
-32.04, 10.76
-0.54, 52.0
-10.67, 47.92
21.73, 31.07
-18.54, -1.16
-31.51, -28.88
11.15, -24.64
25.83, -24.92
-25.13, 2.9
-17.16, 8.31
1.22, -36.85
34.21, 4.87
19.19, -8.74
-2.39, -23.59
-40.56, -15.67
18.13, 28.43
22.04, -21.1
-32.04, 6.65
-30.42, -26.44
25.35, -27.88
10.82, -5.18
-17.72, -4.58
5.61, 11.22
18.44, 24.98
-31.59, 6.39
-8.19, -24.66
-22.61, 11.29
-3.96, 54.53
-10.49, 40.16
24.87, 13.6
0.61, -27.06
5.48, -33.18
0.23, -32.57
-24.31, -28.47
-18.65, 38.92
-30.43, -10.55
-40.47, -3.5
-1.65, 15.67
33.24, 3.82
-1.08, -29.43
-34.33, -0.19
9.56, -6.95
-22.99, -27.27
-0.51, -38.58
27.73, 35.8
-33.59, -25.66
-1.87, -24.94
-18.01, 9.04
-23.59, 9.7
30.62, -36.98
-2.36, -29.93
-2.22, -31.22
-25.86, -23.43
-18.24, 21.83
-0.19, 12.33
30.97, 2.5
25.69, -12.71
35.78, 11.46
-24.5, -16.72
-32.25, 1.57
28.22, -33.67
13.41, -25.43
36.64, -5.39
30.11, 30.14
4.32, -14.65
25.14, -23.54
-29.45, 9.29
-3.63, 47.9
-18.94, 39.44
-18.43, 39.39
19.56, -38.26
-18.91, 16.08
1.18, -28.44
-20.35, 11.14
-34.19, -0.08
1.36, -28.34
-3.16, -26.51
-38.82, 5.91
-9.05, 56.98
-41.7, -13.84
34.13, 8.37
-17.58, 36.62
-12.36, 39.9
29.62, 32.04
9.64, 36.65
-34.48, -10.07
-10.0, 40.94
18.96, -23.34
17.62, 3.1
-14.75, 17.75
-0.95, -26.21
33.55, -1.88
-10.48, 8.35
28.05, -29.47
24.94, -26.25
9.94, -48.59
29.81, -7.29
27.12, 2.69
10.94, -24.04
-28.26, 14.58
-15.43, 35.42
-26.46, 18.58
-5.76, 52.35
-4.35, 54.0
21.86, -0.73
-11.07, 36.3
25.05, -30.03
-23.96, -27.3
-25.55, -23.55
-15.98, 16.51
-0.5, -12.43
-44.82, -7.38
2.49, 53.87
-36.46, -29.59
12.66, 11.42
-38.45, 6.71
7.25, -14.73
24.86, 4.9
2.95, -4.3
-14.19, 33.61
-25.89, -18.7
18.14, -8.33
9.88, 17.41
-15.14, 20.6
21.15, 10.94
-12.75, 11.85
-30.72, -12.0
29.61, -33.42
-11.83, 36.85
18.6, -23.54
31.84, 28.86
-23.85, -27.33
24.2, 4.16
-26.51, -15.28
39.28, 3.85
33.57, 10.37
7.54, -33.09
18.54, 26.61
-24.17, -8.84
-23.04, -18.04
7.26, 2.34
37.54, 0.21
-19.64, 23.81
-40.32, -15.45
23.58, -20.52
-30.79, -24.22
-27.26, -10.59
10.05, 8.79
-31.26, -29.1
-25.84, -7.35
12.96, 1.58
2.34, 56.51
-39.76, 4.33
-24.63, 4.16
1.87, -32.65
-22.37, -20.16
25.05, 29.29
15.08, 5.19
12.15, 29.24
23.47, 28.33
21.43, -26.71
26.48, 29.14
13.51, 26.14
36.18, -1.53
12.76, 11.74
-29.36, -32.16
0.18, -31.13
15.18, 8.15
-20.84, -32.37
15.36, -0.63
14.24, 34.64
-46.95, -10.65
10.03, -46.91
-14.78, 17.9
-34.99, -8.34
35.77, -2.59
36.96, 3.57
-37.78, -0.24
-36.4, -16.64
25.09, 8.71
-2.55, 46.72
-33.1, -17.21
-28.22, -2.37
-19.32, -2.41
27.85, -22.31
1.13, -3.94
-29.83, -9.64
8.07, -41.02
22.75, -38.26
-34.35, -28.26
-28.97, -33.38
-31.31, -16.84
-29.05, 0.02
3.78, -39.95
-6.46, 44.83
30.77, 24.97
39.74, 6.64
21.75, 21.84
5.86, -30.59
-45.7, -2.31
-7.75, -5.21
-36.95, 1.39
-1.83, -31.05
6.91, 13.18
-7.73, -8.83
-2.42, -23.91
25.77, -18.13
29.37, -13.23
2.67, -39.04
-42.18, -9.1
-18.09, 37.47
7.07, 3.72
1.65, -28.2
27.8, -8.9
12.69, 30.9
-6.16, -4.69
-37.64, -24.06
24.43, -9.57
-5.85, -8.98
-45.22, -10.66
-23.42, 11.24
-29.35, 20.96
22.28, -23.68
-15.14, 15.02
4.89, 8.13
11.71, 25.33
9.64, 36.69
36.93, -1.26
-17.1, 23.79
18.94, -27.23
1.0, 50.36
10.38, 8.31
27.02, -33.12
-17.91, -1.13
-0.42, 53.84
-33.0, 1.3
3.23, 12.33
-22.53, 1.47
3.0, -6.11
26.86, -7.97
-28.55, -14.05
-15.71, 28.45
-21.14, -0.13
-6.63, -8.34
-30.24, -31.06
36.0, -2.42
3.77, 54.78
15.85, 37.03
13.2, 27.06
-1.0, 53.14
5.08, -41.49
7.9, -45.2
16.13, -35.75
-13.88, 34.84
-17.75, 44.17
-34.25, -26.81
30.01, -35.78
-23.4, 14.66
-47.78, -6.69
16.98, 31.86
-35.4, -26.82
19.25, -29.05
9.9, -48.59
-48.9, -8.97
-23.52, 4.97
-2.02, -25.75
-31.94, 1.96
0.63, -6.79
25.34, -5.54
-35.84, -26.75
7.55, -38.81
-8.03, -7.1
23.82, -34.82
-13.1, 41.51
14.39, 2.86
-1.23, 17.66
31.01, 29.88
8.94, -20.17
28.06, 7.23
7.52, -10.34
-27.03, 8.42
5.79, 12.72
18.11, -27.52
18.64, -9.02
7.67, -11.71
-23.71, 13.13
-15.52, 35.47
-11.63, 54.75
24.0, -25.3
-4.91, 55.73
27.21, 0.66
-25.82, 15.72
1.28, 16.46
-1.48, -12.54
15.37, -21.62
-21.39, 2.94
-12.67, 48.84
-1.55, 52.57
18.78, -28.56
-3.67, 53.89
-8.48, 41.13
-35.6, -14.55
0.65, -15.85
12.42, 31.13
-21.75, 5.59
8.42, -48.63
15.84, 33.37
30.37, 6.18
25.81, -31.22
27.94, 30.74
8.51, -20.86
-3.64, -7.63
-43.07, -2.12
10.74, -47.95
-33.99, -2.56
-26.44, 14.05
28.05, 29.24
-3.01, 46.95
27.8, 8.92
3.41, -42.34
-8.26, -24.81
-11.98, 48.58
9.33, 4.85
28.5, 28.63
-41.24, -16.86
25.92, -20.41
25.57, -11.85
-18.04, 40.04
27.3, -31.7
16.52, 23.08
27.63, 32.43
0.9, -42.78
-31.87, -24.98
-24.83, -34.02
29.59, 12.62
-37.25, -0.54
-4.28, -30.72
-16.75, 42.51
-1.81, -39.81
14.33, -9.29
-18.77, 10.13
-29.79, -9.88
20.09, 27.24
21.03, -34.09
11.64, 28.27
3.27, -41.19
16.18, -24.42
-10.99, 53.64
-46.31, -7.86
30.02, 11.84
24.62, 16.61
12.63, 31.41
7.6, 10.85
12.14, 5.85
20.69, -28.79
2.94, 9.17
15.71, 2.26
-21.98, -11.66
32.21, -36.25
-30.79, -5.57
5.95, -41.06
-19.54, 26.34
0.04, -36.06
25.05, 4.88
19.45, 12.93
25.33, 8.83
-37.71, 5.92
-24.38, 7.37
-21.22, 2.87
-29.36, 12.27
-35.4, -17.86
-11.56, -20.42
13.34, -25.16
-0.7, -43.88
-39.55, -3.55
18.67, -3.97
-43.19, -9.44
17.51, 31.48
-29.25, -8.5
35.5, 27.3
4.99, 16.04
-17.55, 29.46
32.76, -32.15
33.14, -30.4
-25.85, 18.17
-2.48, 10.62
38.99, -6.21
35.49, 6.32
31.92, -7.53
-4.33, 53.7
17.91, 6.02
-23.04, 15.68
3.26, -23.13
-0.33, 48.83
24.1, 2.01
-0.18, 51.93
1.41, -22.91
10.83, -50.72
-0.37, -13.57
-3.46, 44.99
-26.24, -33.32
-21.6, 18.0
3.18, -10.77
-30.7, -18.98
23.69, -10.94
-3.64, 16.33
-39.94, -21.33
-24.48, -18.58
-39.14, 6.84
-2.55, 47.0
-1.29, -23.15
-9.8, -11.13
30.48, -30.94
-2.95, 52.62
20.77, 1.68
-14.18, 22.12
24.69, -36.49
-6.59, 16.0
-34.96, -24.66
3.5, 4.54
22.11, 26.06
16.15, 23.84
30.67, -31.08
27.17, 30.55
2.25, 0.22
-2.89, 46.4
8.33, -27.06
-3.51, 55.22
-5.92, -36.07
12.84, 11.22
12.22, 16.31
-22.8, -19.36
-1.18, 48.71
9.2, 27.0
1.02, 53.47
35.84, 11.64
6.88, -8.25
3.51, 51.91
26.94, -38.33
-24.16, -25.06
-33.49, -30.18
-39.49, -24.03
13.41, 3.84
23.85, -2.01
-16.77, 33.53
4.69, -7.94
-34.19, -6.16
-17.71, 13.68
-0.22, -22.86
12.45, -44.93
27.03, 33.63
27.95, -22.79
18.43, -28.88
21.67, -21.64
-9.4, -6.52
-1.62, 11.42
-13.65, 25.89
-18.79, 36.23
16.91, -11.53
34.82, 13.65
40.49, -0.06
16.08, 1.81
-4.02, -7.66
-14.47, 43.46
10.53, 7.34
32.73, 35.77
14.85, -46.99
-31.64, -29.03
-21.89, -27.17
-27.22, -28.87
9.18, -47.63
33.15, 30.7
19.03, 10.17
35.15, 5.91
-4.83, -7.24
8.59, -47.97
-29.91, -30.34
17.45, -8.45
26.0, -24.83
-40.31, -0.08
7.36, 30.61
8.32, 15.39
23.67, 13.3
11.97, -49.8
-17.56, -6.83
0.88, -6.11
-25.68, 23.95
15.2, 24.32
-24.51, -24.56
-29.14, -32.52
-34.11, -0.03
-8.81, 41.16
26.41, 32.65
4.45, 12.79
12.25, -50.2
26.02, -34.36
-28.25, 21.14
32.53, -32.53
-23.9, -20.26
-4.57, 43.69
-19.34, 32.36
24.91, -31.99
-18.99, -4.89
-6.28, -5.21
-21.49, -13.09
-35.62, -5.69
-19.09, 37.72
-23.21, -26.43
14.74, -9.3
-24.24, -13.27
16.8, 36.79
3.45, -4.56
22.75, -27.87
-37.32, -23.25
0.74, 53.4
29.39, -36.88
4.02, 11.67
-34.84, 1.61
25.75, -32.28
5.38, -1.92
-32.29, -0.96
1.87, 9.52
-40.18, 4.82
-30.31, -31.65
11.64, 25.04
-1.3, -7.03
-29.8, 8.81
-21.96, -27.07
2.92, 5.72
-28.9, -18.37
12.36, 9.34
27.07, -34.06
-23.3, -26.6
-23.62, -26.54
3.25, -39.76
17.44, 3.23
-24.58, -24.51
-36.2, 1.53
-6.05, -7.94
-38.79, 6.65
-2.23, 13.33
15.34, -39.83
-17.18, 43.38
16.07, -27.11
26.33, 11.43
21.53, 6.78
9.12, -10.55
21.31, 35.44
-11.52, 47.22
6.35, -47.21
37.12, 13.03
21.04, -24.76
9.86, 28.67
12.49, 10.15
21.86, 14.77
-6.11, -9.06
-0.45, -28.05
25.16, 26.8
38.53, 2.88
20.93, -36.07
30.33, 34.95
32.24, 34.27
7.61, -38.71
-47.15, -9.4
22.27, 5.09
13.07, -6.63
-1.94, -11.78
-7.41, 52.4
-20.63, -2.57
31.85, 31.47
-13.87, 36.68
2.44, -36.9
-29.37, -17.72
-15.25, 26.67
19.65, 12.65
-31.12, -1.06
8.99, -4.63
20.9, -8.81
-11.88, 48.04
-2.73, -32.17
35.89, 26.9
21.6, 31.16
6.87, 8.39
3.62, -41.58
-22.49, 8.01
-3.27, 47.14
-38.44, -8.43
11.09, -46.45
25.76, -39.18
-8.04, -25.93
30.9, -27.2
29.45, -0.1
27.79, -3.93
27.62, 30.09
8.64, 33.19
26.62, 4.87
9.63, -43.96
13.7, 16.78
-32.35, -7.03
-1.6, 6.74
2.53, -4.03
29.73, 10.33
-0.58, 5.51
-4.14, -11.3
-36.14, -26.33
9.94, -5.08
29.09, 27.1
21.06, -25.28
-4.44, -7.1
3.19, -23.47
24.14, -2.47
30.45, 26.9
1.87, 6.87
30.21, -5.32
-24.88, -29.68
-38.23, -0.68
31.82, -3.68
-30.29, 12.28
-39.42, 0.69
-10.13, 8.54
0.25, -28.59
-24.36, 7.72
-4.27, 43.24
41.16, 1.47
-9.19, 57.53
31.82, 3.84
5.31, -31.13
-0.61, -38.15
26.83, -33.99
-26.45, -21.45
31.49, -28.27
-18.01, 29.97
-37.31, 11.28
-36.97, -6.89
14.08, 34.45
16.58, 10.02
5.05, -1.37
11.16, -24.11
-10.15, 41.46
2.47, -36.48
-22.54, -13.01
-24.52, 9.84
-5.1, -11.17
31.97, 6.28
-32.21, -29.47
-18.64, 7.11
-9.19, -25.42
-23.05, -17.76
-28.06, -28.35
-43.35, -6.15
33.29, 13.17
2.78, -28.72
32.81, -5.5
-10.71, 55.07
-15.14, 45.26
-41.92, 0.44
5.35, -41.21
-35.58, -7.66
-11.95, 53.73
13.9, 2.15
-29.39, -31.16
-6.15, 53.23
-10.42, 54.64
-29.88, -5.41
-40.19, 6.21
-37.78, 10.75
20.67, 1.76
0.38, -29.27
5.92, 7.43
-14.15, 43.49
2.1, -33.24
30.56, -31.79
-44.16, -5.77
-3.3, 54.28
25.24, 4.44
-30.93, 6.39
-26.2, 7.68
-43.19, -9.38
-32.25, -10.56
16.48, -5.87
-13.43, 35.42
29.88, -35.63
27.22, -30.57
-9.39, 49.4
-9.16, 49.77
-2.25, -24.44
12.01, 28.33
-17.77, 40.91
-27.65, -5.3
17.1, 3.3
-32.51, -27.93
30.65, -31.73
31.58, -8.94
8.87, -42.22
-34.85, -23.68
-32.5, -9.3
31.54, -35.94
-23.06, 10.74
-13.66, 54.6
8.27, -48.95
34.53, 2.56
-28.73, 6.91
9.22, -6.77
17.45, 23.4
-6.45, -11.44
-4.18, 53.45
6.18, 13.16
7.87, -14.41
-26.87, -24.95
-22.0, 12.8
18.09, -22.68
1.08, -24.45
-19.6, 13.7
24.65, -40.42
23.12, 27.63
6.5, -5.67
36.18, 0.19
-5.0, 53.53
28.09, -29.55
-10.64, 8.36
1.65, -4.3
-22.29, 10.08
-0.74, 49.51
37.43, -4.36
-32.55, 3.24
0.81, 55.64
36.92, 12.98
32.07, -29.97
20.87, -19.9
3.06, -23.48
31.5, -29.48
-19.38, 10.14
30.27, 7.32
-7.21, 54.47
17.11, -0.75
26.59, -2.47
-23.67, -14.94
-19.68, 11.7
24.42, -22.31
29.28, -37.61
3.97, 13.94
-21.02, -20.37
0.61, -10.0
-22.46, -12.84
-0.8, 14.41
29.1, 6.23
28.26, 24.06
-15.27, 17.31
16.42, 23.57
-35.08, -5.31
-18.74, -6.87
24.11, 33.06
-11.6, 46.42
-17.35, 38.74
21.55, 12.34
-22.71, 7.93
-5.18, -10.15
35.63, -2.86
-19.3, 39.67
-23.19, -26.52
-1.03, 12.99
20.82, 35.32
32.0, 28.48
28.14, 33.48
28.53, -9.35
-4.17, 11.04
13.06, -10.6
-26.32, 10.44
28.62, -1.85
3.94, 16.97
-22.75, -19.07
8.23, 5.67
16.19, 6.61
1.63, -30.32
9.78, 15.07
12.38, 32.38
30.02, 4.31
-35.7, -7.51
-26.25, 8.57
0.14, -4.16
0.35, -27.33
34.03, 30.22
-37.93, -1.23
25.23, 34.6
7.98, 7.9
5.15, 9.53
-17.55, 39.95
10.64, -46.61
31.04, 20.97
1.81, 8.05
-15.41, 17.6
-36.34, -6.71
-4.6, 53.17
18.31, -8.1
16.78, -23.29
-10.43, 42.56
-21.47, 2.21
26.45, 27.27
26.93, -33.96
-17.32, 7.61
-12.44, 34.21
-9.14, 50.56
-21.35, -21.22
31.66, -32.74
9.72, 32.96
22.52, -35.04
-25.93, -20.18
13.49, 3.18
8.36, -30.82
19.95, 34.58
23.91, -0.64
14.85, -28.77
27.99, -3.0
16.05, 10.96
14.87, -22.47
13.49, 22.37
-8.61, 43.47
-10.78, 47.35
0.87, 51.04
2.69, 52.29
-42.7, -15.79
30.36, 36.48
-36.63, -4.75
-21.08, 17.8
-14.3, 3.92
5.47, -14.6
-16.34, 31.46
-9.61, 54.71
16.74, 26.69
-6.56, 51.55
-28.06, -5.76
-24.02, -18.77
-35.94, -7.08
-15.05, 28.96
20.3, -27.73
-11.61, 2.1
24.95, -33.15
29.72, 30.92
-7.02, 56.04
-16.28, 45.29
-33.77, -28.69
0.78, -41.3
-34.59, -10.95
-4.32, 54.7
6.81, -5.51
-34.86, -14.41
-33.78, 0.87
-32.97, -10.8
-19.83, -0.1
4.18, 49.78
4.88, -12.84
2.64, -45.7
18.32, 32.59
12.71, 35.5
29.11, 27.59
12.04, 19.7
29.18, -37.17
0.32, -27.66
-24.94, -22.99
0.78, -22.13
19.06, 14.64
-32.1, -6.04
-24.87, 1.68
-32.04, 10.49
-17.98, 41.69
-29.69, -27.02
-1.59, 11.08
5.76, -9.63
28.45, -3.6
-32.59, -15.75
35.86, 11.58
-28.28, -31.55
-24.36, -4.15
-30.95, 15.7
8.08, -10.03
20.7, -20.93
-31.36, 15.28
-34.09, -27.27
-4.34, 12.28
4.05, 7.97
-5.12, 51.86
-3.91, -7.21
29.18, 9.65
-21.82, -18.42
1.46, -8.36
-31.32, -14.58
-28.1, 15.86
3.49, -26.71
-20.85, -13.91
26.24, -25.05
29.11, 9.65
-1.24, -26.45
30.77, 2.39
-26.9, -19.13
12.91, 2.53
16.11, 34.26
12.05, 1.65
-3.24, 48.07
25.89, 28.45
10.42, 12.92
-2.27, -30.09
14.75, -0.18
2.24, -2.79
26.04, -16.34
39.03, -6.23
-27.05, -21.52
-41.5, -16.25
-34.0, -10.95
18.36, 36.85
17.73, -11.67
-16.45, 28.72
21.49, -7.99
-7.64, 55.26
-41.25, -1.32
-44.02, -8.76
-17.47, 37.59
-33.35, -31.16
-29.8, -34.44
31.39, 13.48
23.11, -4.91
-27.05, -12.43
-13.11, 54.53
10.96, 29.45
33.47, 32.23
30.44, 5.39
34.13, -6.14
28.19, -29.18
29.73, 36.41
-37.21, -5.15
13.79, -24.42
23.69, -34.04
-27.35, -21.67
9.34, -3.0
3.59, -27.71
34.57, -30.97
-24.4, -25.04
27.91, 4.69
-15.91, 15.29
12.22, 9.13
-30.3, -24.7
-6.87, 43.51
-25.53, -23.88
-17.46, -5.58
-29.57, 11.45
31.62, 31.14
-18.21, 24.16
-24.7, -27.91
-39.68, 3.93
6.18, -3.08
-11.58, -20.42
-8.16, -3.86
-16.71, 30.45
-12.99, 53.76
-1.97, 10.98
-19.3, 13.67
-3.63, -8.85
-17.34, 32.5
-31.65, -8.71
-7.46, -6.98
33.55, 3.48
-4.11, -5.4
-38.34, -5.87
-38.45, 4.6
18.39, -11.83
-37.91, 4.88
25.32, -7.81
-18.64, 33.57
-27.82, -13.29
21.89, -33.67
-29.45, -5.61
-19.61, 5.97
-6.12, -12.23
-37.96, -19.1
-36.91, -3.17
26.27, 33.64
34.8, -31.45
-7.01, 44.44
33.15, -27.68
11.55, -3.81
-6.7, 55.3
-46.76, -9.01
-28.0, -12.52
32.62, -4.91
31.92, 12.98
-0.39, -42.25
-3.35, 51.15
25.65, -12.07
10.34, 30.37
10.23, -5.59
31.32, 17.83
27.18, 30.06
27.83, -21.99
-19.26, -17.55
34.07, 31.6
-1.37, -39.03
-1.95, -32.58
23.9, -33.14
-8.76, 48.05
16.97, 22.71
28.63, -31.43
26.47, 11.76
20.24, -21.72
13.83, 29.84
20.44, -10.75
0.99, -1.44
-18.99, -4.82
-39.1, 7.91
5.38, -4.64
10.11, -4.07
20.08, -20.42
12.74, 11.35
-23.99, -21.39
-7.3, -8.88
19.06, -26.87
30.47, 11.23
19.89, 29.79
27.54, -12.28
-19.96, 21.17
14.32, -26.88
0.84, 16.91
7.33, 8.29
-35.08, -14.16
22.46, -14.7
5.69, 14.71
7.25, 4.28
-43.78, -16.31
7.96, -10.48
-39.73, -23.35
6.06, 0.62
20.66, -7.06
-39.09, -4.8
-24.23, -14.6
18.61, 26.13
12.95, 27.99
-8.78, 44.86
19.4, 24.88
2.8, -43.49
10.65, 11.8
2.25, 8.13
-20.82, -10.54
30.21, -35.68
35.01, -5.27
1.61, -39.23
11.76, -49.59
-44.89, -0.67
29.92, -4.27
-0.66, 12.42
17.42, -16.44
-22.09, -6.05
25.19, 29.8
12.1, 31.95
25.95, -39.78
26.84, -24.62
-37.71, -13.26
25.15, 0.22
-40.56, 7.5
-25.55, -24.08
-16.1, 35.5
-37.69, 6.14
7.07, 9.45
-1.54, -32.09
-1.52, -24.94
-37.12, -23.34
35.47, 29.66
7.04, -46.14
-27.04, -15.89
28.28, 27.3
10.62, 7.07
14.61, -5.93
-30.64, -24.49
8.66, -4.74
-25.96, 23.3
-35.72, -7.44
-35.35, -13.13
-38.89, 1.45
7.48, 29.38
-13.26, 41.2
6.47, 3.05
26.75, -1.85
-40.37, -12.43
18.71, -24.99
5.4, 53.98
14.2, 3.67
-31.95, 11.73
-30.26, -11.13
37.9, 4.75
-7.38, -23.67
7.86, -50.16
8.74, -8.9
10.9, -50.12
19.07, 29.25
36.66, 7.73
-31.2, -12.93
27.22, 31.79
3.77, -43.95
19.2, -24.83
26.0, -34.21
6.24, -47.82
-3.74, 45.92
7.75, 25.49
13.59, 11.27
-23.59, 17.0
-15.8, 20.07
-3.99, 12.14
13.23, 28.78
22.08, -25.69
-31.44, -30.74
-23.42, 6.95
-30.44, 12.84
5.41, -4.86
31.54, -28.26
6.87, -15.78
10.6, -49.13
-30.98, -15.46
0.65, -43.5
-20.25, 17.25
-43.45, 3.1
32.36, 4.02
18.5, -23.57
-19.78, 8.63
0.61, -10.45
18.76, -20.72
-18.64, -0.13
-38.56, -26.53
14.27, 30.04
14.11, -20.29
13.62, 7.81
-25.81, -10.12
-26.36, -6.96
-41.15, 2.88
30.91, 25.89
-38.16, -7.42
3.62, -38.29
-19.18, 12.88
8.58, 3.36
-14.72, 17.96
-1.26, -38.28
19.36, 12.98
-35.6, -24.1
1.92, 55.81
21.25, 5.88
-26.3, 11.36
34.48, 8.31
14.88, -28.03
12.91, 9.65
-17.17, 4.29
-26.71, 22.15
1.87, -42.17
-1.22, 57.06
41.17, 1.78
-27.28, -11.79
10.38, 33.49
34.76, 32.92
-20.87, -13.27
36.15, 26.62
-15.63, 26.02
8.39, 5.56
21.71, 7.98
25.93, 28.57
-25.05, -29.85
-1.64, -30.58
1.32, 13.99
-42.0, 5.41
18.36, -25.91
-14.11, 49.97
30.02, 27.74
6.08, 4.75
-44.72, -9.87
-4.34, -8.92
11.67, 37.56
-20.93, -0.4
3.51, 14.56
-12.06, 37.33
-8.73, 51.21
26.86, -2.63
22.91, -30.2
26.21, 3.15
-5.3, -8.91
-20.34, -1.98
25.84, -22.35
39.36, 4.57
-14.1, 53.2
-30.67, -0.79
29.89, 6.86
14.44, -1.93
36.9, 2.54
2.19, 54.79
-19.36, 4.63
-15.86, 22.18
-6.71, 16.07
24.46, -28.63
12.39, 9.49
-45.12, -11.76
7.15, 9.66
14.37, 22.09
4.84, -42.04
30.79, -15.21
15.99, 35.11
-27.18, -15.26
-25.27, 0.4
26.63, -6.58
-29.55, -4.19
29.85, -38.48
-25.48, -13.26
-33.07, -10.52
1.53, -43.05
-24.96, -33.26
30.65, 29.99
-26.4, -22.73
-21.89, 14.62
35.88, 27.43
-20.02, 32.53
-13.25, 35.89
-3.06, -30.59
-31.13, 9.3
-38.83, 5.96
-21.84, 14.61
13.26, -8.76
-12.17, 12.16
8.99, -42.47
17.82, -8.47
25.3, 26.72
-7.77, 45.71
-31.13, -19.0
-39.01, -23.2
-7.65, -4.28
-25.89, -9.96
-4.0, -33.1
-15.08, 33.54
30.55, 10.7
26.07, 35.66
-7.94, -4.06
-31.07, 0.2
-24.8, -22.45
38.41, 4.87
1.3, -38.16
0.06, 53.7
-16.47, 31.42
-46.63, -9.02
2.22, -30.07
-21.53, -21.3
-17.8, -1.15
25.16, 27.17
-8.64, 49.96
9.38, -11.37
-16.34, 37.42
-36.77, -14.01
-3.67, -31.39
30.89, 9.42
-32.46, -34.34
-16.25, 35.18
-4.36, 54.07
23.61, -37.41
18.49, 13.41
-18.79, 31.74
0.26, -32.18
2.87, 2.27
-46.21, -3.52
-31.59, -5.67
26.52, -35.78
-22.91, 11.58
33.31, 11.72
24.84, -37.94
30.81, 36.61
-24.99, -18.39
25.18, -39.16
8.51, -38.97
-3.0, -29.56
2.64, -22.91
39.19, -0.66
4.91, -47.18
-21.96, -0.41
-24.09, 8.32
11.71, 28.25
4.62, 2.96
4.19, -42.23
30.96, -32.27
7.26, 6.73
30.22, -0.52
24.0, -27.8
21.19, 29.87
-29.41, -17.59
10.96, 10.32
30.45, -2.33
33.08, 32.58
9.29, -12.24
39.24, -2.31
-24.37, -11.82
9.03, 15.22
28.98, -25.06
24.37, -22.66
3.67, 52.35
-36.13, 1.22
-0.25, -12.26
-4.33, 43.33
23.11, 6.73
-35.61, -3.83
-1.89, -30.01
28.09, -37.28
-10.31, 54.21
-29.02, -25.64
-15.99, 44.9
-17.27, 2.08
-3.27, 48.22
-9.73, 2.31
9.05, 22.74
-26.76, 20.87
-20.87, -13.91
-21.63, 3.25
-37.74, -24.2
-21.45, -13.21
-30.36, -6.84
31.15, 11.07
-24.16, -8.94
13.75, 23.38
6.79, 11.34
22.2, 32.01
-26.99, 6.87
-10.95, 40.13
27.51, -6.67
15.16, -24.91
-32.07, -1.4
-18.1, 36.11
21.72, -24.24
-13.78, 53.65
-24.67, 17.34
-19.46, 1.6
-21.1, -20.72
4.81, -42.81
-23.91, -25.86
-24.41, -10.46
-30.41, -1.9
29.91, 30.29
-3.25, 55.49
8.31, -47.53
-11.09, 41.44
27.76, -5.37
13.53, -10.24
26.58, 24.0
-14.86, 35.64
-16.95, -15.59
-19.28, -7.16
2.1, -34.1
-44.49, -8.11
26.39, -14.67
-19.86, 8.12
2.99, -40.14
-9.17, 34.56
-24.56, -10.88
-22.93, -16.25
3.64, -34.18
32.34, -6.23
-1.59, -25.92
14.78, 25.83
-33.8, 0.91
4.45, 12.03
-13.06, 47.88
17.52, 27.81
16.0, 23.77
4.53, -7.3
-4.52, -9.4
17.86, 27.94
38.49, 3.17
-19.01, 0.3
32.52, 31.99
-17.98, 33.67
26.82, -32.17
-10.14, 39.75
19.82, -23.18
-39.73, -24.66
-6.53, -6.42
6.18, 31.48
18.86, -9.16
16.88, 34.57
10.73, 11.59
20.55, 7.02
-7.98, -9.71
-2.96, 52.47
-18.6, -1.32
9.06, 15.19
-15.64, 33.81
-16.71, 32.6
15.64, 24.0
-26.51, -11.96
-30.73, 17.7
13.23, 6.81
-39.78, -4.43
22.16, -38.1
34.13, 8.14
29.92, -27.98
-21.72, 4.03
17.32, -0.91
14.96, 12.38
-32.68, -15.56
-24.99, 0.32
-19.32, 13.27
-1.12, 6.31
3.85, -6.56
14.72, 8.77
-0.91, -30.61
-35.18, -0.79
7.99, 15.5
-11.64, 46.27
23.59, 10.19
-1.58, 17.72
25.85, -30.12
25.58, 6.22
-17.34, 45.46
-24.62, 4.63
-42.32, 6.57
6.47, -7.42
7.44, -21.3
-11.86, 40.14
9.39, -43.9
22.56, -8.24
-17.62, 7.06
-28.45, -32.13
-27.42, -8.52
26.86, 4.04
-2.22, -9.85
-40.63, -14.32
-24.95, 14.23
-10.76, 51.68
17.32, 29.53
23.47, -37.61
4.87, 15.47
1.48, 52.97
9.41, -45.67
22.28, -27.22
-20.13, 14.96
30.29, 6.07
-32.37, -15.21
-25.73, 6.98
1.68, 7.21
-32.69, 0.2
-0.83, -35.4
16.44, -24.36
15.18, 9.15
0.13, -31.27
-32.7, -16.17
9.66, 6.13
-19.99, 14.7
-24.96, 0.69
-31.67, -0.47
30.52, 12.36
2.96, 8.82
-3.56, -29.41
-28.27, -20.73
-19.54, 10.64
21.15, 30.88
29.17, 0.15
-44.46, -5.9
23.48, -35.93
11.34, 31.33
-1.34, 48.17
13.65, -17.33
25.44, -7.95
-6.3, -8.57
-4.05, -11.12
-20.58, 6.45
12.57, 30.37
-9.92, 9.06
10.39, -51.29
-24.02, 11.78
10.27, -35.21
8.64, 7.3
25.81, 6.29
14.86, -28.19
12.64, 4.23
-19.61, 5.53
4.56, 2.75
-32.57, -20.19
14.19, -24.72
2.94, 6.2
-31.11, -26.98
-38.96, -5.15
24.49, -12.42
16.8, 3.89
0.94, -7.33
5.55, -45.81
-2.78, -32.33
24.77, 0.37
25.16, -39.49
-31.19, -5.06
32.72, 5.73
-18.27, 24.63
0.7, -23.69
10.89, 14.57
-30.45, -10.74
11.58, 8.73
-29.09, -27.36
-35.33, -3.64
26.8, -14.12
12.32, 12.73
-26.96, -15.01
0.92, 50.6
15.29, 23.65
9.46, 13.09
4.11, 11.52
4.84, -37.04
15.24, -0.58
-12.76, 37.25
25.4, -5.66
-19.86, 14.02
-34.85, -3.75
19.13, -19.59
-17.38, 42.35
-15.67, 44.23
-34.54, 1.64
-25.55, 16.74
29.62, -33.04
-33.16, -7.08
-4.23, 43.18
-19.69, 12.45
-37.97, -19.79
14.75, -8.3
-15.97, 19.26
-8.84, 48.73
26.52, 31.78
-13.83, 54.01
-17.89, 33.99
20.91, 7.18
18.23, -39.24
2.85, -39.91
-6.8, -36.83
-10.29, 51.74
23.92, -30.13
-3.84, -35.95
29.76, -23.6
-15.71, 15.97
8.74, -41.97
5.27, -44.77
-34.05, -6.24
2.98, 14.45
-14.47, 33.34
21.12, -19.89
29.69, -11.04
16.38, 24.22
9.58, -21.39
30.34, -34.71
3.44, -9.38
-37.52, -14.88
30.7, 8.01
4.62, 5.53
-31.5, -17.19
-0.59, -26.06
-1.73, -25.49
32.14, 30.69
-17.99, 23.62
-34.33, -1.77
4.9, -5.08
1.63, 52.6
25.39, 1.76
8.91, 28.73
-37.17, -25.76
29.7, 2.06
-0.44, -38.32
1.35, 55.94
-31.79, -8.56
-39.66, -8.49
-41.73, -14.5
-24.44, 7.72
9.08, -43.29
7.26, -14.48
-42.16, -16.24
-16.01, 36.22
-33.54, -12.74
-30.26, -10.74
30.88, 29.49
-19.11, 22.8
11.77, 7.23
27.19, -37.86
-2.94, 54.0
28.89, -4.64
0.68, -36.03
-11.82, 50.3
31.57, 12.84
-47.46, -10.5
0.01, 51.53
-10.9, 50.41
-18.65, 32.39
4.7, -12.9
5.83, -34.73
22.57, -28.4
-17.66, 16.45
31.43, -36.21
-21.09, 0.2
11.28, 32.32
31.52, -7.68
17.41, 27.38
19.98, -1.94
-15.07, 14.17
27.42, 23.29
-27.8, -14.7
-46.09, -2.13
-33.72, -2.17
11.48, 9.85
-11.49, 52.04
33.92, 21.02
-15.97, 26.76
2.19, -25.67
-9.07, 54.81
8.63, 28.16
-18.58, -1.03
-17.24, -12.39
27.72, -37.34
23.52, -31.3
19.4, -20.24
5.67, 4.48
14.49, 25.31
17.54, 28.23
-40.8, 8.24
13.64, 30.43
13.78, 28.55
-1.77, 44.15
-28.05, -21.29
-21.97, -27.18
9.32, 31.16
-27.01, 9.88
11.52, -7.02
-19.18, 39.48
26.51, 0.58
-33.65, -23.2
-32.23, -1.47
-39.91, -21.25
-5.13, 44.62
-1.91, 4.88
25.19, -9.44
0.8, -41.21
15.28, 27.99
6.74, 3.06
31.2, 9.66
-1.05, 52.11
18.54, 32.91
13.78, 6.06
-9.21, -25.34
-30.92, -4.71
-32.18, -5.07
8.08, 20.42
-26.8, 8.66
32.82, -30.47
-24.55, 2.5
-22.49, 1.1
12.72, 35.37
33.91, -5.04
17.14, 26.93
-39.41, -6.84
30.01, -32.07
